24.85032, 67.08249
24.85035818181818, 67.08259136363637
24.850396363636364, 67.08269272727273
24.850434545454547, 67.0827940909091
24.850472727272727, 67.08289545454546
24.850510909090907, 67.08299681818183
24.85054909090909, 67.08309818181819
24.850587272727275, 67.08319954545455
24.850625454545455, 67.08330090909091
24.850663636363635, 67.08340227272728
24.85070181818182, 67.08350363636364
24.850740000000002, 67.083605
24.850778181818182, 67.08370636363637
24.850816363636362, 67.08380772727273
24.850854545454546, 67.0839090909091
24.85089272727273, 67.08401045454546
24.85093090909091, 67.08411181818182
24.85096909090909, 67.08421318181819
24.851007272727273, 67.08431454545455
24.851045454545456, 67.08441590909091
24.851083636363636, 67.08451727272728
24.851121818181817, 67.08461863636364
24.85116, 67.08472
24.85116, 67.08472
24.85103, 67.084765
24.8509, 67.08481
24.8509, 67.08481
24.850953333333333, 67.08491777777778
24.851006666666667, 67.08502555555556
24.85106, 67.08513333333333
24.851113333333334, 67.08524111111112
24.851166666666664, 67.08534888888889
24.851219999999998, 67.08545666666667
24.85127333333333, 67.08556444444444
24.851326666666665, 67.08567222222223
24.85138, 67.08578
24.85138, 67.08578
24.85119, 67.08585
24.85119, 67.08585
24.851212333333333, 67.08595266666666
24.851234666666667, 67.08605533333333
24.851257, 67.086158
24.85127933333333, 67.08626066666666
24.851301666666664, 67.08636333333332
24.851323999999998, 67.086466
24.851346333333332, 67.08656866666666
24.851368666666666, 67.08667133333333
24.851391, 67.08677399999999
24.851413333333333, 67.08687666666667
24.851435666666667, 67.08697933333333
24.851457999999997, 67.087082
24.85148033333333, 67.08718466666666
24.851502666666665, 67.08728733333334
24.851525, 67.08739
24.851547333333333, 67.08749266666666
24.851569666666666, 67.08759533333334
24.851592, 67.087698
24.85161433333333, 67.08780066666667
24.851636666666664, 67.08790333333333
24.851658999999998, 67.08800600000001
24.85168133333333, 67.08810866666667
24.851703666666666, 67.08821133333333
24.851726, 67.088314
24.851748333333333, 67.08841666666667
24.851770666666667, 67.08851933333334
24.851792999999997, 67.088622
24.85181533333333, 67.08872466666666
24.851837666666665, 67.08882733333334
24.85186, 67.08893
24.85186, 67.08893
24.851734999999998, 67.088965
24.85161, 67.089
24.85161, 67.089
24.851632857142857, 67.08911142857143
24.851655714285716, 67.08922285714286
24.85167857142857, 67.08933428571429
24.851701428571427, 67.08944571428572
24.851724285714283, 67.08955714285715
24.851747142857143, 67.08966857142858
24.85177, 67.08978
24.85177, 67.08978
24.851870684931505, 67.08977506849315
24.851971369863012, 67.0897701369863
24.85207205479452, 67.08976520547945
24.852172739726026, 67.0897602739726
24.852273424657533, 67.08975534246576
24.85237410958904, 67.08975041095891
24.852474794520546, 67.08974547945206
24.852575479452053, 67.08974054794521
24.85267616438356, 67.08973561643836
24.852776849315067, 67.08973068493151
24.852877534246574, 67.08972575342466
24.85297821917808, 67.08972082191781
24.853078904109587, 67.08971589041096
24.853179589041094, 67.08971095890412
24.8532802739726, 67.08970602739727
24.853380958904108, 67.08970109589042
24.853481643835615, 67.08969616438357
24.85358232876712, 67.08969123287672
24.853683013698628, 67.08968630136987
24.853783698630135, 67.08968136986302
24.853884383561642, 67.08967643835616
24.85398506849315, 67.08967150684931
24.854085753424656, 67.08966657534248
24.854186438356162, 67.08966164383563
24.85428712328767, 67.08965671232878
24.854387808219176, 67.08965178082192
24.854488493150683, 67.08964684931507
24.85458917808219, 67.08964191780822
24.854689863013697, 67.08963698630137
24.854790547945203, 67.08963205479452
24.85489123287671, 67.08962712328767
24.854991917808217, 67.08962219178083
24.855092602739724, 67.08961726027398
24.85519328767123, 67.08961232876713
24.855293972602738, 67.08960739726028
24.855394657534244, 67.08960246575343
24.855495342465755, 67.08959753424658
24.85559602739726, 67.08959260273973
24.85569671232877, 67.08958767123288
24.855797397260275, 67.08958273972603
24.855898082191782, 67.08957780821918
24.85599876712329, 67.08957287671234
24.856099452054796, 67.08956794520549
24.856200136986303, 67.08956301369864
24.85630082191781, 67.08955808219179
24.856401506849316, 67.08955315068494
24.856502191780823, 67.08954821917808
24.85660287671233, 67.08954328767123
24.856703561643837, 67.08953835616438
24.856804246575344, 67.08953342465753
24.85690493150685, 67.0895284931507
24.857005616438357, 67.08952356164384
24.857106301369864, 67.089518630137
24.85720698630137, 67.08951369863014
24.857307671232878, 67.08950876712329
24.857408356164385, 67.08950383561644
24.85750904109589, 67.08949890410959
24.8576097260274, 67.08949397260274
24.857710410958905, 67.08948904109589
24.857811095890412, 67.08948410958905
24.85791178082192, 67.0894791780822
24.858012465753426, 67.08947424657535
24.858113150684932, 67.0894693150685
24.85821383561644, 67.08946438356165
24.858314520547946, 67.0894594520548
24.858415205479453, 67.08945452054795
24.85851589041096, 67.0894495890411
24.858616575342467, 67.08944465753424
24.858717260273973, 67.08943972602741
24.85881794520548, 67.08943479452056
24.858918630136987, 67.0894298630137
24.859019315068494, 67.08942493150685
24.85912, 67.08942
24.85912, 67.08942
24.859220612244897, 67.08933897959184
24.859321224489797, 67.08925795918368
24.859421836734693, 67.08917693877551
24.859522448979593, 67.08909591836735
24.85962306122449, 67.08901489795919
24.85972367346939, 67.08893387755103
24.859824285714286, 67.08885285714285
24.859924897959186, 67.0887718367347
24.860025510204082, 67.08869081632653
24.860126122448982, 67.08860979591837
24.860226734693878, 67.08852877551021
24.860327346938778, 67.08844775510204
24.860427959183674, 67.08836673469388
24.86052857142857, 67.08828571428572
24.86062918367347, 67.08820469387756
24.860729795918367, 67.0881236734694
24.860830408163267, 67.08804265306122
24.860931020408163, 67.08796163265306
24.861031632653063, 67.0878806122449
24.86113224489796, 67.08779959183674
24.86123285714286, 67.08771857142858
24.861333469387755, 67.0876375510204
24.861434081632655, 67.08755653061225
24.86153469387755, 67.08747551020409
24.861635306122448, 67.08739448979593
24.861735918367348, 67.08731346938775
24.861836530612244, 67.08723244897959
24.861937142857144, 67.08715142857143
24.86203775510204, 67.08707040816327
24.86213836734694, 67.08698938775511
24.862238979591837, 67.08690836734694
24.862339591836736, 67.08682734693878
24.862440204081633, 67.08674632653062
24.862540816326533, 67.08666530612246
24.86264142857143, 67.08658428571428
24.86274204081633, 67.08650326530612
24.862842653061225, 67.08642224489796
24.86294326530612, 67.0863412244898
24.86304387755102, 67.08626020408164
24.863144489795918, 67.08617918367347
24.863245102040818, 67.0860981632653
24.863345714285714, 67.08601714285714
24.863446326530614, 67.08593612244898
24.86354693877551, 67.08585510204082
24.86364755102041, 67.08577408163265
24.863748163265306, 67.08569306122449
24.863848775510206, 67.08561204081633
24.863949387755103, 67.08553102040817
24.86405, 67.08545000000001
24.8641506122449, 67.08536897959183
24.864251224489795, 67.08528795918367
24.864351836734695, 67.08520693877551
24.86445244897959, 67.08512591836735
24.86455306122449, 67.08504489795918
24.864653673469387, 67.08496387755102
24.864754285714287, 67.08488285714286
24.864854897959184, 67.0848018367347
24.864955510204084, 67.08472081632654
24.86505612244898, 67.08463979591836
24.86515673469388, 67.0845587755102
24.865257346938776, 67.08447775510204
24.865357959183672, 67.08439673469388
24.865458571428572, 67.08431571428571
24.86555918367347, 67.08423469387755
24.86565979591837, 67.08415367346939
24.865760408163265, 67.08407265306123
24.865861020408165, 67.08399163265307
24.86596163265306, 67.08391061224489
24.86606224489796, 67.08382959183673
24.866162857142857, 67.08374857142857
24.866263469387757, 67.08366755102041
24.866364081632653, 67.08358653061225
24.866464693877553, 67.08350551020408
24.86656530612245, 67.08342448979592
24.866665918367346, 67.08334346938776
24.866766530612246, 67.0832624489796
24.866867142857142, 67.08318142857144
24.866967755102042, 67.08310040816326
24.86706836734694, 67.0830193877551
24.86716897959184, 67.08293836734694
24.867269591836735, 67.08285734693878
24.867370204081634, 67.0827763265306
24.86747081632653, 67.08269530612245
24.86757142857143, 67.08261428571429
24.867672040816327, 67.08253326530613
24.867772653061223, 67.08245224489796
24.867873265306123, 67.08237122448979
24.86797387755102, 67.08229020408163
24.86807448979592, 67.08220918367347
24.868175102040816, 67.08212816326531
24.868275714285716, 67.08204714285714
24.868376326530612, 67.08196612244897
24.868476938775512, 67.08188510204081
24.868577551020408, 67.08180408163265
24.868678163265308, 67.0817230612245
24.868778775510204, 67.08164204081632
24.868879387755104, 67.08156102040816
24.86898, 67.08148
24.86898, 67.08148
24.868877, 67.081373
24.868774000000002, 67.081266
24.868671, 67.081159
24.868568, 67.081052
24.868465, 67.080945
24.868362, 67.080838
24.868259000000002, 67.080731
24.868156, 67.080624
24.868053, 67.080517
24.86795, 67.08041
24.86795, 67.08041
24.86784375, 67.0804075
24.8677375, 67.080405
24.867631250000002, 67.0804025
24.867525, 67.0804
24.86741875, 67.0803975
24.8673125, 67.080395
24.867206250000002, 67.0803925
24.8671, 67.08039
24.86699375, 67.0803875
24.8668875, 67.080385
24.866781250000003, 67.0803825
24.866675, 67.08038
24.86656875, 67.0803775
24.8664625, 67.080375
24.866356250000003, 67.0803725
24.86625, 67.08037
24.86625, 67.08037
24.866294186046513, 67.08047162790697
24.866338372093026, 67.08057325581396
24.866382558139534, 67.08067488372093
24.866426744186047, 67.0807765116279
24.86647093023256, 67.08087813953489
24.86651511627907, 67.08097976744186
24.866559302325584, 67.08108139534883
24.866603488372093, 67.08118302325582
24.866647674418605, 67.08128465116279
24.866691860465117, 67.08138627906976
24.86673604651163, 67.08148790697675
24.86678023255814, 67.08158953488372
24.86682441860465, 67.0816911627907
24.866868604651163, 67.08179279069768
24.866912790697675, 67.08189441860465
24.866956976744188, 67.08199604651163
24.867001162790697, 67.0820976744186
24.86704534883721, 67.08219930232558
24.86708953488372, 67.08230093023256
24.867133720930234, 67.08240255813953
24.867177906976746, 67.0825041860465
24.867222093023255, 67.08260581395349
24.867266279069767, 67.08270744186046
24.86731046511628, 67.08280906976744
24.867354651162792, 67.08291069767442
24.867398837209304, 67.0830123255814
24.867443023255813, 67.08311395348836
24.867487209302325, 67.08321558139535
24.867531395348838, 67.08331720930232
24.86757558139535, 67.0834188372093
24.867619767441862, 67.08352046511628
24.86766395348837, 67.08362209302325
24.867708139534884, 67.08372372093024
24.867752325581396, 67.08382534883721
24.86779651162791, 67.08392697674418
24.867840697674417, 67.08402860465117
24.86788488372093, 67.08413023255814
24.86792906976744, 67.08423186046511
24.867973255813954, 67.0843334883721
24.868017441860466, 67.08443511627907
24.868061627906975, 67.08453674418604
24.868105813953488, 67.08463837209302
24.86815, 67.08474
24.86815, 67.08474
24.86821300970874, 67.0848408737864
24.868276019417475, 67.08494174757281
24.868339029126215, 67.08504262135922
24.86840203883495, 67.08514349514563
24.86846504854369, 67.08524436893204
24.868528058252426, 67.08534524271845
24.868591067961166, 67.08544611650485
24.868654077669902, 67.08554699029126
24.86871708737864, 67.08564786407767
24.868780097087377, 67.08574873786408
24.868843106796117, 67.08584961165049
24.868906116504853, 67.0859504854369
24.868969126213592, 67.08605135922329
24.86903213592233, 67.0861522330097
24.869095145631068, 67.08625310679611
24.869158155339807, 67.08635398058252
24.869221165048543, 67.08645485436892
24.869284174757283, 67.08655572815533
24.86934718446602, 67.08665660194174
24.86941019417476, 67.08675747572815
24.869473203883494, 67.08685834951456
24.869536213592234, 67.08695922330097
24.86959922330097, 67.08706009708737
24.86966223300971, 67.08716097087378
24.869725242718445, 67.08726184466019
24.869788252427185, 67.0873627184466
24.86985126213592, 67.08746359223301
24.86991427184466, 67.08756446601942
24.869977281553396, 67.08766533980582
24.870040291262136, 67.08776621359223
24.870103300970875, 67.08786708737864
24.87016631067961, 67.08796796116505
24.87022932038835, 67.08806883495146
24.870292330097087, 67.08816970873787
24.870355339805826, 67.08827058252427
24.870418349514562, 67.08837145631068
24.8704813592233, 67.08847233009709
24.870544368932038, 67.0885732038835
24.870607378640777, 67.08867407766989
24.870670388349513, 67.0887749514563
24.870733398058253, 67.08887582524271
24.87079640776699, 67.08897669902912
24.870859417475728, 67.08907757281553
24.870922427184464, 67.08917844660193
24.870985436893204, 67.08927932038834
24.871048446601943, 67.08938019417475
24.87111145631068, 67.08948106796116
24.87117446601942, 67.08958194174757
24.871237475728154, 67.08968281553398
24.871300485436894, 67.08978368932038
24.87136349514563, 67.08988456310679
24.87142650485437, 67.0899854368932
24.871489514563105, 67.09008631067961
24.871552524271845, 67.09018718446602
24.87161553398058, 67.09028805825243
24.87167854368932, 67.09038893203883
24.871741553398056, 67.09048980582524
24.871804563106796, 67.09059067961165
24.871867572815535, 67.09069155339806
24.87193058252427, 67.09079242718447
24.87199359223301, 67.09089330097088
24.872056601941747, 67.09099417475728
24.872119611650486, 67.09109504854369
24.872182621359222, 67.0911959223301
24.872245631067962, 67.0912967961165
24.872308640776698, 67.0913976699029
24.872371650485437, 67.09149854368931
24.872434660194173, 67.09159941747572
24.872497669902913, 67.09170029126213
24.87256067961165, 67.09180116504854
24.87262368932039, 67.09190203883495
24.872686699029124, 67.09200291262135
24.872749708737864, 67.09210378640776
24.872812718446603, 67.09220466019417
24.87287572815534, 67.09230553398058
24.87293873786408, 67.09240640776699
24.873001747572815, 67.0925072815534
24.873064757281554, 67.0926081553398
24.87312776699029, 67.09270902912621
24.87319077669903, 67.09280990291262
24.873253786407766, 67.09291077669903
24.873316796116505, 67.09301165048544
24.87337980582524, 67.09311252427185
24.87344281553398, 67.09321339805825
24.873505825242717, 67.09331427184466
24.873568834951456, 67.09341514563107
24.873631844660192, 67.09351601941748
24.87369485436893, 67.09361689320389
24.87375786407767, 67.0937177669903
24.873820873786407, 67.0938186407767
24.873883883495147, 67.0939195145631
24.873946893203883, 67.0940203883495
24.874009902912622, 67.09412126213591
24.874072912621358, 67.09422213592232
24.874135922330098, 67.09432300970873
24.874198932038833, 67.09442388349514
24.874261941747573, 67.09452475728155
24.87432495145631, 67.09462563106796
24.87438796116505, 67.09472650485436
24.874450970873784, 67.09482737864077
24.874513980582524, 67.09492825242718
24.87457699029126, 67.09502912621359
24.87464, 67.09513
24.87464, 67.09513
24.874718333333334, 67.09523666666666
24.874796666666665, 67.09534333333333
24.874875, 67.09545
24.874953333333334, 67.09555666666667
24.875031666666665, 67.09566333333333
24.87511, 67.09577
24.87511, 67.09577
24.87522, 67.09573666666667
24.875329999999998, 67.09570333333333
24.87544, 67.09567
24.87555, 67.09563666666666
24.87566, 67.09560333333334
24.87577, 67.09557000000001
24.875880000000002, 67.09553666666667
24.87599, 67.09550333333334
24.8761, 67.09547
24.8761, 67.09547
24.876200522875816, 67.0953997385621
24.876301045751635, 67.0953294771242
24.87640156862745, 67.09525921568628
24.87650209150327, 67.09518895424837
24.876602614379085, 67.09511869281046
24.876703137254903, 67.09504843137256
24.87680366013072, 67.09497816993465
24.876904183006538, 67.09490790849674
24.877004705882353, 67.09483764705882
24.87710522875817, 67.09476738562093
24.877205751633987, 67.09469712418301
24.877306274509806, 67.0946268627451
24.87740679738562, 67.09455660130719
24.87750732026144, 67.09448633986929
24.877607843137255, 67.09441607843138
24.877708366013074, 67.09434581699347
24.87780888888889, 67.09427555555556
24.87790941176471, 67.09420529411766
24.878009934640524, 67.09413503267974
24.878110457516343, 67.09406477124183
24.878210980392158, 67.09399450980392
24.878311503267973, 67.09392424836602
24.878412026143792, 67.09385398692811
24.878512549019607, 67.0937837254902
24.878613071895426, 67.0937134640523
24.87871359477124, 67.09364320261439
24.87881411764706, 67.09357294117648
24.878914640522876, 67.09350267973856
24.879015163398694, 67.09343241830067
24.87911568627451, 67.09336215686275
24.87921620915033, 67.09329189542484
24.879316732026144, 67.09322163398693
24.879417254901963, 67.09315137254903
24.879517777777778, 67.09308111111112
24.879618300653597, 67.0930108496732
24.879718823529412, 67.0929405882353
24.87981934640523, 67.0928703267974
24.879919869281046, 67.09280006535948
24.880020392156865, 67.09272980392157
24.88012091503268, 67.09265954248366
24.8802214379085, 67.09258928104576
24.880321960784315, 67.09251901960785
24.880422483660134, 67.09244875816994
24.88052300653595, 67.09237849673204
24.880623529411764, 67.09230823529413
24.880724052287583, 67.09223797385621
24.8808245751634, 67.0921677124183
24.880925098039217, 67.0920974509804
24.881025620915032, 67.09202718954249
24.88112614379085, 67.09195692810458
24.881226666666667, 67.09188666666667
24.881327189542485, 67.09181640522877
24.8814277124183, 67.09174614379086
24.88152823529412, 67.09167588235294
24.881628758169935, 67.09160562091503
24.881729281045754, 67.09153535947713
24.88182980392157, 67.09146509803922
24.881930326797388, 67.09139483660131
24.882030849673203, 67.0913245751634
24.882131372549022, 67.0912543137255
24.882231895424837, 67.09118405228759
24.882332418300656, 67.09111379084968
24.88243294117647, 67.09104352941176
24.88253346405229, 67.09097326797387
24.882633986928106, 67.09090300653595
24.88273450980392, 67.09083274509804
24.88283503267974, 67.09076248366014
24.882935555555555, 67.09069222222223
24.883036078431374, 67.09062196078432
24.88313660130719, 67.0905516993464
24.883237124183008, 67.09048143790851
24.883337647058823, 67.0904111764706
24.883438169934642, 67.09034091503268
24.883538692810458, 67.09027065359477
24.883639215686276, 67.09020039215687
24.88373973856209, 67.09013013071896
24.88384026143791, 67.09005986928105
24.883940784313726, 67.08998960784314
24.884041307189545, 67.08991934640524
24.88414183006536, 67.08984908496733
24.88424235294118, 67.08977882352941
24.884342875816994, 67.0897085620915
24.884443398692813, 67.0896383006536
24.88454392156863, 67.08956803921569
24.884644444444447, 67.08949777777778
24.884744967320263, 67.08942751633987
24.88484549019608, 67.08935725490197
24.884946013071897, 67.08928699346406
24.885046535947712, 67.08921673202614
24.88514705882353, 67.08914647058825
24.885247581699346, 67.08907620915033
24.885348104575165, 67.08900594771242
24.88544862745098, 67.08893568627451
24.8855491503268, 67.08886542483661
24.885649673202614, 67.0887951633987
24.885750196078433, 67.08872490196079
24.88585071895425, 67.08865464052288
24.885951241830067, 67.08858437908498
24.886051764705883, 67.08851411764707
24.8861522875817, 67.08844385620915
24.886252810457517, 67.08837359477124
24.886353333333336, 67.08830333333334
24.88645385620915, 67.08823307189543
24.88655437908497, 67.08816281045752
24.886654901960785, 67.0880925490196
24.886755424836604, 67.08802228758171
24.88685594771242, 67.0879520261438
24.88695647058824, 67.08788176470588
24.887056993464054, 67.08781150326797
24.88715751633987, 67.08774124183007
24.887258039215688, 67.08767098039216
24.887358562091503, 67.08760071895425
24.887459084967322, 67.08753045751635
24.887559607843137, 67.08746019607844
24.887660130718956, 67.08738993464053
24.88776065359477, 67.08731967320261
24.88786117647059, 67.08724941176472
24.887961699346405, 67.0871791503268
24.888062222222224, 67.08710888888889
24.88816274509804, 67.08703862745098
24.88826326797386, 67.08696836601308
24.888363790849674, 67.08689810457517
24.888464313725493, 67.08682784313726
24.888564836601308, 67.08675758169935
24.888665359477127, 67.08668732026145
24.888765882352942, 67.08661705882353
24.88886640522876, 67.08654679738562
24.888966928104576, 67.08647653594771
24.889067450980395, 67.08640627450981
24.88916797385621, 67.0863360130719
24.88926849673203, 67.08626575163399
24.889369019607845, 67.08619549019609
24.88946954248366, 67.08612522875818
24.88957006535948, 67.08605496732027
24.889670588235294, 67.08598470588235
24.889771111111113, 67.08591444444446
24.889871633986928, 67.08584418300654
24.889972156862747, 67.08577392156863
24.890072679738562, 67.08570366013072
24.89017320261438, 67.08563339869282
24.890273725490196, 67.08556313725491
24.890374248366015, 67.085492875817
24.89047477124183, 67.08542261437908
24.89057529411765, 67.08535235294119
24.890675816993465, 67.08528209150327
24.890776339869284, 67.08521183006536
24.8908768627451, 67.08514156862745
24.890977385620918, 67.08507130718955
24.891077908496733, 67.08500104575164
24.891178431372552, 67.08493078431373
24.891278954248367, 67.08486052287581
24.891379477124186, 67.08479026143792
24.89148, 67.08472
24.89148, 67.08472
24.89151342857143, 67.08461885714286
24.89154685714286, 67.08451771428572
24.891580285714287, 67.08441657142858
24.891613714285715, 67.08431542857143
24.891647142857146, 67.0842142857143
24.891680571428573, 67.08411314285715
24.891714, 67.084012
24.89174742857143, 67.08391085714287
24.89178085714286, 67.08380971428572
24.891814285714286, 67.08370857142857
24.891847714285714, 67.08360742857143
24.891881142857144, 67.0835062857143
24.891914571428572, 67.08340514285715
24.891948, 67.083304
24.89198142857143, 67.08320285714287
24.892014857142858, 67.08310171428572
24.892048285714285, 67.08300057142857
24.892081714285716, 67.08289942857144
24.892115142857143, 67.08279828571429
24.89214857142857, 67.08269714285714
24.892182000000002, 67.08259600000001
24.89221542857143, 67.08249485714286
24.892248857142857, 67.08239371428571
24.892282285714288, 67.08229257142858
24.892315714285715, 67.08219142857143
24.892349142857142, 67.08209028571429
24.89238257142857, 67.08198914285714
24.892416, 67.081888
24.892449428571428, 67.08178685714286
24.892482857142856, 67.08168571428571
24.892516285714287, 67.08158457142858
24.892549714285714, 67.08148342857143
24.89258314285714, 67.08138228571428
24.892616571428572, 67.08128114285715
24.89265, 67.08118
24.89265, 67.08118
24.89275, 67.08112923076924
24.89285, 67.08107846153847
24.89295, 67.0810276923077
24.89305, 67.08097692307693
24.89315, 67.08092615384615
24.89325, 67.08087538461538
24.89335, 67.08082461538461
24.89345, 67.08077384615385
24.89355, 67.08072307692308
24.89365, 67.08067230769231
24.89375, 67.08062153846154
24.89385, 67.08057076923077
24.89395, 67.08052
24.89405, 67.08046923076924
24.89415, 67.08041846153846
24.89425, 67.08036769230769
24.89435, 67.08031692307692
24.89445, 67.08026615384615
24.89455, 67.08021538461539
24.894650000000002, 67.08016461538462
24.894750000000002, 67.08011384615385
24.89485, 67.08006307692308
24.89495, 67.08001230769231
24.89505, 67.07996153846155
24.89515, 67.07991076923076
24.89525, 67.07986
24.89535, 67.07980923076923
24.89545, 67.07975846153846
24.89555, 67.0797076923077
24.89565, 67.07965692307693
24.89575, 67.07960615384616
24.89585, 67.07955538461539
24.895950000000003, 67.07950461538462
24.896050000000002, 67.07945384615385
24.896150000000002, 67.07940307692307
24.896250000000002, 67.0793523076923
24.89635, 67.07930153846154
24.89645, 67.07925076923077
24.89655, 67.0792
24.89655, 67.0792
24.896616764705882, 67.07909994117647
24.896683529411767, 67.07899988235295
24.89675029411765, 67.07889982352941
24.89681705882353, 67.07879976470588
24.896883823529414, 67.07869970588236
24.896950588235295, 67.07859964705882
24.897017352941177, 67.07849958823529
24.89708411764706, 67.07839952941177
24.897150882352943, 67.07829947058823
24.897217647058824, 67.0781994117647
24.89728441176471, 67.07809935294118
24.89735117647059, 67.07799929411765
24.89741794117647, 67.07789923529411
24.897484705882356, 67.07779917647059
24.897551470588237, 67.07769911764706
24.897618235294118, 67.07759905882352
24.897685000000003, 67.077499
24.897751764705884, 67.07739894117647
24.897818529411765, 67.07729888235293
24.89788529411765, 67.07719882352941
24.89795205882353, 67.07709876470588
24.898018823529412, 67.07699870588236
24.898085588235297, 67.07689864705883
24.898152352941178, 67.07679858823529
24.89821911764706, 67.07669852941177
24.898285882352944, 67.07659847058824
24.898352647058825, 67.0764984117647
24.898419411764706, 67.07639835294118
24.89848617647059, 67.07629829411765
24.898552941176472, 67.07619823529411
24.898619705882354, 67.0760981764706
24.89868647058824, 67.07599811764706
24.89875323529412, 67.07589805882353
24.89882, 67.075798
24.898886764705885, 67.07569794117647
24.898953529411767, 67.07559788235294
24.899020294117648, 67.07549782352942
24.899087058823532, 67.07539776470588
24.899153823529414, 67.07529770588235
24.899220588235295, 67.07519764705883
24.89928735294118, 67.0750975882353
24.89935411764706, 67.07499752941176
24.899420882352942, 67.07489747058824
24.899487647058823, 67.0747974117647
24.899554411764708, 67.07469735294117
24.89962117647059, 67.07459729411765
24.89968794117647, 67.07449723529412
24.899754705882355, 67.07439717647058
24.899821470588236, 67.07429711764706
24.899888235294117, 67.07419705882353
24.899955000000002, 67.074097
24.900021764705883, 67.07399694117647
24.900088529411764, 67.07389688235294
24.90015529411765, 67.0737968235294
24.90022205882353, 67.07369676470589
24.90028882352941, 67.07359670588235
24.900355588235296, 67.07349664705882
24.900422352941177, 67.0733965882353
24.90048911764706, 67.07329652941176
24.900555882352943, 67.07319647058823
24.900622647058825, 67.07309641176471
24.900689411764706, 67.07299635294117
24.90075617647059, 67.07289629411764
24.90082294117647, 67.07279623529412
24.900889705882353, 67.07269617647059
24.900956470588238, 67.07259611764707
24.90102323529412, 67.07249605882353
24.90109, 67.072396
24.901156764705885, 67.07229594117648
24.901223529411766, 67.07219588235294
24.901290294117647, 67.07209582352941
24.901357058823532, 67.07199576470589
24.901423823529413, 67.07189570588235
24.901490588235294, 67.07179564705882
24.90155735294118, 67.0716955882353
24.90162411764706, 67.07159552941177
24.90169088235294, 67.07149547058823
24.901757647058826, 67.07139541176471
24.901824411764707, 67.07129535294118
24.90189117647059, 67.07119529411764
24.901957941176473, 67.07109523529412
24.902024705882354, 67.07099517647059
24.902091470588235, 67.07089511764705
24.90215823529412, 67.07079505882353
24.902225, 67.070695
24.902291764705883, 67.07059494117647
24.902358529411767, 67.07049488235295
24.90242529411765, 67.07039482352941
24.90249205882353, 67.07029476470588
24.902558823529414, 67.07019470588236
24.902625588235296, 67.07009464705882
24.902692352941177, 67.06999458823529
24.90275911764706, 67.06989452941177
24.902825882352943, 67.06979447058823
24.902892647058824, 67.0696944117647
24.90295941176471, 67.06959435294118
24.90302617647059, 67.06949429411765
24.90309294117647, 67.06939423529411
24.903159705882356, 67.06929417647059
24.903226470588237, 67.06919411764706
24.903293235294118, 67.06909405882352
24.903360000000003, 67.068994
24.903426764705884, 67.06889394117647
24.903493529411765, 67.06879388235294
24.90356029411765, 67.06869382352941
24.90362705882353, 67.06859376470588
24.903693823529412, 67.06849370588236
24.903760588235297, 67.06839364705883
24.903827352941178, 67.06829358823529
24.90389411764706, 67.06819352941177
24.903960882352944, 67.06809347058824
24.904027647058825, 67.0679934117647
24.904094411764707, 67.06789335294118
24.90416117647059, 67.06779329411765
24.904227941176472, 67.06769323529412
24.904294705882354, 67.0675931764706
24.90436147058824, 67.06749311764706
24.90442823529412, 67.06739305882353
24.904495, 67.067293
24.904561764705885, 67.06719294117647
24.904628529411767, 67.06709288235294
24.904695294117648, 67.06699282352942
24.904762058823533, 67.06689276470588
24.904828823529414, 67.06679270588235
24.904895588235295, 67.06669264705883
24.90496235294118, 67.0665925882353
24.90502911764706, 67.06649252941176
24.905095882352942, 67.06639247058824
24.905162647058823, 67.0662924117647
24.905229411764708, 67.06619235294117
24.90529617647059, 67.06609229411765
24.90536294117647, 67.06599223529412
24.905429705882355, 67.06589217647058
24.905496470588236, 67.06579211764706
24.905563235294117, 67.06569205882353
24.905630000000002, 67.065592
24.905696764705883, 67.06549194117648
24.905763529411765, 67.06539188235294
24.90583029411765, 67.0652918235294
24.90589705882353, 67.06519176470589
24.90596382352941, 67.06509170588235
24.906030588235296, 67.06499164705882
24.906097352941178, 67.0648915882353
24.90616411764706, 67.06479152941176
24.906230882352943, 67.06469147058823
24.906297647058825, 67.06459141176471
24.906364411764706, 67.06449135294118
24.90643117647059, 67.06439129411764
24.90649794117647, 67.06429123529412
24.906564705882353, 67.06419117647059
24.906631470588238, 67.06409111764707
24.90669823529412, 67.06399105882353
24.906765, 67.063891
24.906831764705885, 67.06379094117648
24.906898529411766, 67.06369088235294
24.906965294117647, 67.06359082352941
24.907032058823532, 67.06349076470589
24.907098823529413, 67.06339070588236
24.907165588235294, 67.06329064705882
24.90723235294118, 67.0631905882353
24.90729911764706, 67.06309052941177
24.90736588235294, 67.06299047058823
24.907432647058826, 67.06289041176471
24.907499411764707, 67.06279035294118
24.90756617647059, 67.06269029411764
24.907632941176473, 67.06259023529412
24.907699705882354, 67.06249017647059
24.907766470588236, 67.06239011764706
24.90783323529412, 67.06229005882354
24.9079, 67.06219
24.9079, 67.06219
24.907912295081967, 67.06208918032787
24.907924590163937, 67.06198836065573
24.907936885245903, 67.0618875409836
24.907949180327872, 67.06178672131148
24.907961475409838, 67.06168590163935
24.907973770491804, 67.06158508196721
24.907986065573773, 67.06148426229508
24.90799836065574, 67.06138344262295
24.908010655737705, 67.06128262295081
24.908022950819674, 67.06118180327869
24.90803524590164, 67.06108098360656
24.90804754098361, 67.06098016393443
24.908059836065576, 67.06087934426229
24.90807213114754, 67.06077852459016
24.90808442622951, 67.06067770491804
24.908096721311477, 67.06057688524591
24.908109016393443, 67.06047606557377
24.908121311475412, 67.06037524590164
24.908133606557378, 67.06027442622951
24.908145901639347, 67.06017360655737
24.908158196721313, 67.06007278688524
24.90817049180328, 67.05997196721312
24.90818278688525, 67.05987114754099
24.908195081967214, 67.05977032786885
24.90820737704918, 67.05966950819672
24.90821967213115, 67.05956868852459
24.908231967213116, 67.05946786885245
24.908244262295085, 67.05936704918032
24.90825655737705, 67.0592662295082
24.908268852459017, 67.05916540983607
24.908281147540986, 67.05906459016393
24.908293442622952, 67.0589637704918
24.908305737704918, 67.05886295081967
24.908318032786887, 67.05876213114755
24.908330327868853, 67.0586613114754
24.908342622950823, 67.05856049180328
24.90835491803279, 67.05845967213115
24.908367213114754, 67.05835885245901
24.908379508196724, 67.05825803278688
24.90839180327869, 67.05815721311475
24.908404098360656, 67.05805639344263
24.908416393442625, 67.05795557377049
24.90842868852459, 67.05785475409836
24.90844098360656, 67.05775393442623
24.908453278688526, 67.05765311475409
24.908465573770492, 67.05755229508196
24.90847786885246, 67.05745147540983
24.908490163934427, 67.05735065573771
24.908502459016393, 67.05724983606557
24.908514754098363, 67.05714901639344
24.90852704918033, 67.05704819672131
24.908539344262298, 67.05694737704918
24.908551639344264, 67.05684655737704
24.90856393442623, 67.05674573770492
24.9085762295082, 67.05664491803279
24.908588524590165, 67.05654409836065
24.90860081967213, 67.05644327868852
24.9086131147541, 67.05634245901639
24.908625409836066, 67.05624163934426
24.908637704918036, 67.05614081967212
24.90865, 67.05604
24.90865, 67.05604
24.908751607142857, 67.05606178571428
24.908853214285717, 67.05608357142857
24.908954821428573, 67.05610535714285
24.90905642857143, 67.05612714285714
24.909158035714288, 67.05614892857143
24.909259642857144, 67.05617071428571
24.90936125, 67.0561925
24.90946285714286, 67.05621428571428
24.909564464285715, 67.05623607142857
24.90966607142857, 67.05625785714285
24.90976767857143, 67.05627964285713
24.909869285714286, 67.05630142857143
24.909970892857142, 67.05632321428571
24.910072500000002, 67.056345
24.910174107142858, 67.05636678571429
24.910275714285714, 67.05638857142857
24.910377321428573, 67.05641035714285
24.91047892857143, 67.05643214285713
24.910580535714285, 67.05645392857143
24.910682142857144, 67.05647571428571
24.91078375, 67.05649749999999
24.910885357142856, 67.05651928571429
24.910986964285716, 67.05654107142857
24.91108857142857, 67.05656285714285
24.911190178571427, 67.05658464285715
24.911291785714287, 67.05660642857143
24.911393392857143, 67.05662821428571
24.911495000000002, 67.05664999999999
24.911596607142858, 67.05667178571429
24.911698214285714, 67.05669357142857
24.911799821428573, 67.05671535714285
24.91190142857143, 67.05673714285714
24.912003035714285, 67.05675892857143
24.912104642857145, 67.05678071428571
24.91220625, 67.0568025
24.912307857142856, 67.05682428571428
24.912409464285716, 67.05684607142857
24.912511071428572, 67.05686785714286
24.912612678571428, 67.05688964285714
24.912714285714287, 67.05691142857142
24.912815892857143, 67.0569332142857
24.9129175, 67.056955
24.91301910714286, 67.05697678571428
24.913120714285714, 67.05699857142857
24.91322232142857, 67.05702035714286
24.91332392857143, 67.05704214285714
24.913425535714286, 67.05706392857142
24.91352714285714, 67.05708571428572
24.91362875, 67.0571075
24.913730357142857, 67.05712928571428
24.913831964285713, 67.05715107142856
24.913933571428572, 67.05717285714286
24.914035178571428, 67.05719464285714
24.914136785714284, 67.05721642857142
24.914238392857143, 67.05723821428572
24.91434, 67.05726
24.91434, 67.05726
24.914441219512195, 67.05716536585366
24.91454243902439, 67.05707073170731
24.914643658536583, 67.05697609756098
24.91474487804878, 67.05688146341464
24.914846097560975, 67.05678682926829
24.91494731707317, 67.05669219512195
24.915048536585363, 67.0565975609756
24.91514975609756, 67.05650292682927
24.915250975609755, 67.05640829268293
24.91535219512195, 67.05631365853658
24.915453414634147, 67.05621902439024
24.91555463414634, 67.05612439024391
24.915655853658535, 67.05602975609756
24.91575707317073, 67.05593512195122
24.915858292682927, 67.05584048780489
24.91595951219512, 67.05574585365854
24.916060731707315, 67.0556512195122
24.91616195121951, 67.05555658536585
24.916263170731707, 67.05546195121951
24.916364390243903, 67.05536731707318
24.916465609756095, 67.05527268292683
24.91656682926829, 67.05517804878049
24.916668048780487, 67.05508341463415
24.916769268292683, 67.0549887804878
24.91687048780488, 67.05489414634147
24.91697170731707, 67.05479951219512
24.917072926829267, 67.05470487804878
24.917174146341463, 67.05461024390245
24.91727536585366, 67.0545156097561
24.91737658536585, 67.05442097560976
24.917477804878047, 67.05432634146342
24.917579024390243, 67.05423170731707
24.91768024390244, 67.05413707317074
24.917781463414634, 67.0540424390244
24.917882682926827, 67.05394780487805
24.917983902439023, 67.05385317073171
24.91808512195122, 67.05375853658536
24.918186341463414, 67.05366390243903
24.918287560975607, 67.05356926829269
24.918388780487803, 67.05347463414634
24.91849, 67.05338
24.91849, 67.05338
24.91858580645161, 67.05348129032258
24.918681612903224, 67.05358258064517
24.918777419354836, 67.05368387096775
24.91887322580645, 67.05378516129032
24.91896903225806, 67.05388645161291
24.919064838709676, 67.05398774193549
24.919160645161288, 67.05408903225806
24.919256451612902, 67.05419032258065
24.919352258064514, 67.05429161290323
24.91944806451613, 67.05439290322582
24.91954387096774, 67.0544941935484
24.919639677419354, 67.05459548387097
24.919735483870966, 67.05469677419356
24.91983129032258, 67.05479806451613
24.91992709677419, 67.05489935483871
24.920022903225806, 67.0550006451613
24.920118709677418, 67.05510193548388
24.920214516129032, 67.05520322580645
24.920310322580644, 67.05530451612904
24.92040612903226, 67.05540580645162
24.92050193548387, 67.05550709677419
24.920597741935484, 67.05560838709678
24.920693548387096, 67.05570967741936
24.92078935483871, 67.05581096774195
24.92088516129032, 67.05591225806452
24.920980967741936, 67.0560135483871
24.921076774193548, 67.05611483870969
24.921172580645162, 67.05621612903226
24.921268387096774, 67.05631741935484
24.92136419354839, 67.05641870967743
24.92146, 67.05652
24.92146, 67.05652
24.921540476190476, 67.05662057142858
24.92162095238095, 67.05672114285714
24.921701428571428, 67.05682171428572
24.921781904761904, 67.0569222857143
24.92186238095238, 67.05702285714287
24.921942857142856, 67.05712342857143
24.922023333333332, 67.057224
24.922103809523808, 67.05732457142858
24.922184285714284, 67.05742514285716
24.92226476190476, 67.05752571428572
24.92234523809524, 67.05762628571429
24.922425714285716, 67.05772685714287
24.92250619047619, 67.05782742857143
24.922586666666668, 67.057928
24.922667142857144, 67.05802857142858
24.92274761904762, 67.05812914285715
24.922828095238096, 67.05822971428572
24.92290857142857, 67.05833028571429
24.922989047619048, 67.05843085714287
24.923069523809524, 67.05853142857143
24.92315, 67.058632
24.923230476190476, 67.05873257142858
24.92331095238095, 67.05883314285715
24.923391428571428, 67.05893371428571
24.923471904761904, 67.05903428571429
24.92355238095238, 67.05913485714287
24.923632857142856, 67.05923542857144
24.923713333333332, 67.059336
24.923793809523808, 67.05943657142858
24.923874285714284, 67.05953714285715
24.92395476190476, 67.05963771428571
24.92403523809524, 67.05973828571429
24.924115714285715, 67.05983885714286
24.92419619047619, 67.05993942857144
24.924276666666668, 67.06004
24.924357142857144, 67.06014057142858
24.92443761904762, 67.06024114285715
24.924518095238096, 67.06034171428573
24.92459857142857, 67.06044228571429
24.924679047619048, 67.06054285714286
24.924759523809524, 67.06064342857144
24.92484, 67.060744
24.924920476190476, 67.06084457142858
24.92500095238095, 67.06094514285715
24.925081428571428, 67.06104571428573
24.925161904761904, 67.06114628571429
24.92524238095238, 67.06124685714286
24.925322857142856, 67.06134742857144
24.925403333333332, 67.061448
24.925483809523808, 67.06154857142857
24.925564285714284, 67.06164914285715
24.92564476190476, 67.06174971428572
24.92572523809524, 67.06185028571429
24.925805714285715, 67.06195085714286
24.92588619047619, 67.06205142857144
24.925966666666667, 67.06215200000001
24.926047142857144, 67.06225257142857
24.92612761904762, 67.06235314285715
24.926208095238096, 67.06245371428572
24.92628857142857, 67.06255428571428
24.926369047619048, 67.06265485714286
24.926449523809524, 67.06275542857144
24.92653, 67.06285600000001
24.926610476190476, 67.06295657142857
24.92669095238095, 67.06305714285715
24.926771428571428, 67.06315771428572
24.926851904761904, 67.06325828571428
24.92693238095238, 67.06335885714286
24.927012857142856, 67.06345942857143
24.92709333333333, 67.06356000000001
24.927173809523808, 67.06366057142857
24.927254285714284, 67.06376114285715
24.92733476190476, 67.06386171428572
24.92741523809524, 67.0639622857143
24.927495714285715, 67.06406285714286
24.92757619047619, 67.06416342857143
24.927656666666667, 67.06426400000001
24.927737142857143, 67.06436457142857
24.92781761904762, 67.06446514285714
24.927898095238096, 67.06456571428572
24.92797857142857, 67.0646662857143
24.928059047619048, 67.06476685714286
24.928139523809524, 67.06486742857143
24.92822, 67.06496800000001
24.928300476190476, 67.06506857142858
24.92838095238095, 67.06516914285714
24.928461428571428, 67.06526971428572
24.928541904761904, 67.0653702857143
24.92862238095238, 67.06547085714286
24.928702857142856, 67.06557142857143
24.92878333333333, 67.065672
24.928863809523808, 67.06577257142858
24.928944285714284, 67.06587314285714
24.92902476190476, 67.06597371428572
24.92910523809524, 67.0660742857143
24.929185714285715, 67.06617485714285
24.92926619047619, 67.06627542857143
24.929346666666667, 67.066376
24.929427142857143, 67.06647657142858
24.92950761904762, 67.06657714285714
24.929588095238095, 67.06667771428572
24.92966857142857, 67.06677828571429
24.929749047619048, 67.06687885714287
24.929829523809524, 67.06697942857143
24.92991, 67.06708
24.92991, 67.06708
24.93001, 67.06698
24.93011, 67.06688
24.93021, 67.06678000000001
24.93031, 67.06668
24.930410000000002, 67.06658
24.93051, 67.06648
24.93061, 67.06638
24.93071, 67.06628
24.93081, 67.06618
24.93091, 67.06608
24.93091, 67.06608
24.930992, 67.06618399999999
24.931074000000002, 67.066288
24.931156, 67.06639200000001
24.931238, 67.066496
24.93132, 67.0666
24.931402000000002, 67.066704
24.931484, 67.06680800000001
24.931566, 67.066912
24.931648000000003, 67.067016
24.93173, 67.06712
24.93173, 67.06712
24.931835000000003, 67.0670185
24.93194, 67.066917
24.932045000000002, 67.0668155
24.93215, 67.066714
24.932255, 67.0666125
24.932360000000003, 67.066511
24.932465, 67.0664095
24.932570000000002, 67.066308
24.932675, 67.0662065
24.93278, 67.066105
24.932885000000002, 67.0660035
24.93299, 67.065902
24.933095, 67.0658005
24.9332, 67.065699
24.933305, 67.0655975
24.933410000000002, 67.065496
24.933515, 67.0653945
24.93362, 67.065293
24.933725, 67.0651915
24.93383, 67.06509
