24.77953, 67.08698
24.779422500000003, 67.08687499999999
24.779315, 67.08677
24.7792075, 67.08666500000001
24.7791, 67.08656
24.7791, 67.08656
24.779192, 67.086444
24.779284, 67.08632800000001
24.779376, 67.086212
24.779468, 67.08609600000001
24.77956, 67.08598
24.77956, 67.08598
24.77966107142857, 67.0860767857143
24.779762142857145, 67.08617357142857
24.779863214285715, 67.08627035714287
24.779964285714286, 67.08636714285714
24.780065357142856, 67.08646392857143
24.780166428571427, 67.08656071428572
24.7802675, 67.0866575
24.78036857142857, 67.08675428571429
24.780469642857142, 67.08685107142857
24.780570714285716, 67.08694785714286
24.780671785714286, 67.08704464285715
24.780772857142857, 67.08714142857143
24.780873928571427, 67.08723821428572
24.780974999999998, 67.087335
24.781076071428572, 67.08743178571429
24.781177142857143, 67.08752857142858
24.781278214285713, 67.08762535714285
24.781379285714287, 67.08772214285715
24.781480357142858, 67.08781892857144
24.781581428571428, 67.08791571428571
24.7816825, 67.0880125
24.78178357142857, 67.08810928571428
24.781884642857143, 67.08820607142857
24.781985714285714, 67.08830285714286
24.782086785714284, 67.08839964285714
24.78218785714286, 67.08849642857143
24.78228892857143, 67.08859321428571
24.78239, 67.08869
24.78239, 67.08869
24.78247261261261, 67.08858990990991
24.782555225225224, 67.08848981981981
24.782637837837836, 67.08838972972973
24.78272045045045, 67.08828963963964
24.782803063063064, 67.08818954954955
24.782885675675676, 67.08808945945945
24.782968288288288, 67.08798936936937
24.7830509009009, 67.08788927927928
24.783133513513512, 67.0877891891892
24.783216126126124, 67.0876890990991
24.78329873873874, 67.08758900900901
24.783381351351352, 67.08748891891892
24.783463963963964, 67.08738882882882
24.783546576576576, 67.08728873873874
24.78362918918919, 67.08718864864865
24.7837118018018, 67.08708855855856
24.783794414414412, 67.08698846846846
24.783877027027028, 67.08688837837838
24.78395963963964, 67.08678828828829
24.784042252252252, 67.0866881981982
24.784124864864864, 67.0865881081081
24.784207477477477, 67.08648801801802
24.78429009009009, 67.08638792792793
24.7843727027027, 67.08628783783784
24.784455315315316, 67.08618774774774
24.78453792792793, 67.08608765765766
24.78462054054054, 67.08598756756757
24.784703153153153, 67.08588747747747
24.784785765765765, 67.08578738738738
24.784868378378377, 67.0856872972973
24.78495099099099, 67.08558720720721
24.785033603603605, 67.08548711711711
24.785116216216217, 67.08538702702702
24.78519882882883, 67.08528693693694
24.78528144144144, 67.08518684684685
24.785364054054053, 67.08508675675675
24.785446666666665, 67.08498666666667
24.785529279279277, 67.08488657657658
24.785611891891893, 67.08478648648648
24.785694504504505, 67.08468639639639
24.785777117117117, 67.0845863063063
24.78585972972973, 67.08448621621622
24.78594234234234, 67.08438612612612
24.786024954954954, 67.08428603603603
24.786107567567566, 67.08418594594595
24.78619018018018, 67.08408585585586
24.786272792792793, 67.08398576576576
24.786355405405406, 67.08388567567567
24.786438018018018, 67.08378558558559
24.78652063063063, 67.08368549549549
24.786603243243242, 67.0835854054054
24.786685855855854, 67.08348531531531
24.78676846846847, 67.08338522522523
24.786851081081082, 67.08328513513513
24.786933693693694, 67.08318504504504
24.787016306306306, 67.08308495495496
24.787098918918918, 67.08298486486487
24.78718153153153, 67.08288477477477
24.787264144144146, 67.08278468468468
24.787346756756758, 67.0826845945946
24.78742936936937, 67.08258450450451
24.787511981981982, 67.08248441441441
24.787594594594594, 67.08238432432432
24.787677207207206, 67.08228423423424
24.78775981981982, 67.08218414414414
24.787842432432434, 67.08208405405405
24.787925045045046, 67.08198396396396
24.78800765765766, 67.08188387387388
24.78809027027027, 67.08178378378378
24.788172882882883, 67.08168369369369
24.788255495495495, 67.0815836036036
24.788338108108107, 67.08148351351352
24.788420720720723, 67.08138342342342
24.788503333333335, 67.08128333333333
24.788585945945947, 67.08118324324325
24.78866855855856, 67.08108315315314
24.78875117117117, 67.08098306306306
24.788833783783783, 67.08088297297297
24.788916396396395, 67.08078288288289
24.78899900900901, 67.08068279279279
24.789081621621623, 67.0805827027027
24.789164234234235, 67.08048261261261
24.789246846846847, 67.08038252252253
24.78932945945946, 67.08028243243243
24.78941207207207, 67.08018234234234
24.789494684684684, 67.08008225225225
24.7895772972973, 67.07998216216215
24.78965990990991, 67.07988207207207
24.789742522522523, 67.07978198198198
24.789825135135136, 67.0796818918919
24.789907747747748, 67.0795818018018
24.78999036036036, 67.07948171171171
24.790072972972972, 67.07938162162162
24.790155585585588, 67.07928153153154
24.7902381981982, 67.07918144144143
24.79032081081081, 67.07908135135135
24.790403423423424, 67.07898126126126
24.790486036036036, 67.07888117117118
24.790568648648648, 67.07878108108108
24.79065126126126, 67.07868099099099
24.790733873873876, 67.0785809009009
24.790816486486488, 67.0784808108108
24.7908990990991, 67.07838072072072
24.790981711711712, 67.07828063063063
24.791064324324324, 67.07818054054054
24.791146936936936, 67.07808045045044
24.79122954954955, 67.07798036036036
24.791312162162164, 67.07788027027027
24.791394774774776, 67.07778018018018
24.79147738738739, 67.07768009009008
24.79156, 67.07758
24.79156, 67.07758
24.79166142857143, 67.0775606122449
24.791762857142857, 67.07754122448979
24.791864285714286, 67.07752183673469
24.791965714285716, 67.07750244897959
24.792067142857142, 67.07748306122448
24.792168571428572, 67.07746367346938
24.792270000000002, 67.07744428571428
24.79237142857143, 67.07742489795918
24.792472857142858, 67.07740551020407
24.792574285714288, 67.07738612244897
24.792675714285714, 67.07736673469387
24.792777142857144, 67.07734734693877
24.79287857142857, 67.07732795918368
24.79298, 67.07730857142857
24.79308142857143, 67.07728918367347
24.793182857142856, 67.07726979591837
24.793284285714286, 67.07725040816327
24.793385714285716, 67.07723102040816
24.793487142857142, 67.07721163265306
24.79358857142857, 67.07719224489796
24.79369, 67.07717285714286
24.793791428571428, 67.07715346938775
24.793892857142858, 67.07713408163265
24.793994285714287, 67.07711469387755
24.794095714285714, 67.07709530612244
24.794197142857143, 67.07707591836734
24.794298571428573, 67.07705653061224
24.7944, 67.07703714285714
24.79450142857143, 67.07701775510203
24.79460285714286, 67.07699836734693
24.794704285714285, 67.07697897959183
24.794805714285715, 67.07695959183673
24.794907142857145, 67.07694020408162
24.79500857142857, 67.07692081632652
24.79511, 67.07690142857142
24.79521142857143, 67.07688204081632
24.795312857142857, 67.07686265306123
24.795414285714287, 67.07684326530612
24.795515714285713, 67.07682387755102
24.795617142857143, 67.07680448979592
24.795718571428573, 67.07678510204082
24.79582, 67.07676571428571
24.79592142857143, 67.07674632653061
24.79602285714286, 67.07672693877551
24.796124285714285, 67.0767075510204
24.796225714285715, 67.0766881632653
24.796327142857145, 67.0766687755102
24.79642857142857, 67.0766493877551
24.79653, 67.07663
24.79653, 67.07663
24.79661259259259, 67.07652925925926
24.796695185185186, 67.07642851851851
24.796777777777777, 67.07632777777778
24.79686037037037, 67.07622703703703
24.796942962962962, 67.0761262962963
24.797025555555557, 67.07602555555555
24.797108148148148, 67.07592481481481
24.797190740740742, 67.07582407407406
24.797273333333333, 67.07572333333333
24.797355925925928, 67.0756225925926
24.79743851851852, 67.07552185185185
24.797521111111113, 67.07542111111111
24.797603703703704, 67.07532037037036
24.7976862962963, 67.07521962962963
24.79776888888889, 67.07511888888888
24.797851481481484, 67.07501814814815
24.797934074074075, 67.0749174074074
24.79801666666667, 67.07481666666666
24.79809925925926, 67.07471592592593
24.798181851851854, 67.07461518518518
24.798264444444445, 67.07451444444445
24.79834703703704, 67.0744137037037
24.79842962962963, 67.07431296296296
24.798512222222225, 67.07421222222222
24.798594814814816, 67.07411148148148
24.79867740740741, 67.07401074074073
24.79876, 67.07391
24.79876, 67.07391
24.798861000000002, 67.07400025
24.798962000000003, 67.0740905
24.799063, 67.07418075
24.799164, 67.074271
24.799265000000002, 67.07436125
24.799366000000003, 67.0744515
24.799467, 67.07454175
24.799568, 67.074632
24.799669, 67.07472225
24.799770000000002, 67.07481250000001
24.799871000000003, 67.07490275
24.799972, 67.074993
24.800073, 67.07508325
24.800174000000002, 67.0751735
24.800275000000003, 67.07526375
24.800376, 67.075354
24.800477, 67.07544425
24.800578, 67.0755345
24.800679000000002, 67.07562475
24.800780000000003, 67.075715
24.800881, 67.07580525
24.800982, 67.0758955
24.801083000000002, 67.07598575
24.801184000000003, 67.076076
24.801285, 67.07616625
24.801386, 67.0762565
24.801487, 67.07634675
24.801588000000002, 67.076437
24.801689, 67.07652725
24.80179, 67.0766175
24.801891, 67.07670775000001
24.801992000000002, 67.07679800000001
24.802093000000003, 67.07688825000001
24.802194, 67.07697850000001
24.802295, 67.07706875000001
24.802396, 67.07715900000001
24.802497000000002, 67.07724925000001
24.802598, 67.07733950000001
24.802699, 67.07742975000001
24.8028, 67.07752
24.8028, 67.07752
24.80290004901961, 67.07756441176471
24.803000098039217, 67.07760882352942
24.803100147058824, 67.07765323529412
24.803200196078432, 67.07769764705883
24.80330024509804, 67.07774205882353
24.803400294117647, 67.07778647058824
24.803500343137255, 67.07783088235294
24.803600392156863, 67.07787529411766
24.80370044117647, 67.07791970588237
24.80380049019608, 67.07796411764707
24.803900539215686, 67.07800852941178
24.804000588235294, 67.07805294117648
24.804100637254905, 67.07809735294119
24.804200686274513, 67.07814176470589
24.80430073529412, 67.0781861764706
24.804400784313728, 67.0782305882353
24.804500833333336, 67.078275
24.804600882352943, 67.07831941176471
24.80470093137255, 67.07836382352941
24.80480098039216, 67.07840823529412
24.804901029411766, 67.07845264705882
24.805001078431374, 67.07849705882353
24.805101127450982, 67.07854147058823
24.80520117647059, 67.07858588235295
24.805301225490197, 67.07863029411766
24.805401274509805, 67.07867470588236
24.805501323529413, 67.07871911764707
24.80560137254902, 67.07876352941177
24.805701421568628, 67.07880794117648
24.805801470588236, 67.07885235294118
24.805901519607843, 67.07889676470589
24.80600156862745, 67.0789411764706
24.80610161764706, 67.0789855882353
24.806201666666666, 67.07903
24.806301715686274, 67.07907441176471
24.806401764705882, 67.07911882352941
24.80650181372549, 67.07916323529412
24.806601862745097, 67.07920764705882
24.80670191176471, 67.07925205882353
24.806801960784316, 67.07929647058825
24.806902009803924, 67.07934088235295
24.80700205882353, 67.07938529411766
24.80710210784314, 67.07942970588236
24.807202156862747, 67.07947411764707
24.807302205882355, 67.07951852941177
24.807402254901962, 67.07956294117648
24.80750230392157, 67.07960735294118
24.807602352941178, 67.07965176470589
24.807702401960785, 67.07969617647059
24.807802450980393, 67.0797405882353
24.8079025, 67.079785
24.80800254901961, 67.0798294117647
24.808102598039216, 67.07987382352941
24.808202647058824, 67.07991823529412
24.80830269607843, 67.07996264705884
24.80840274509804, 67.08000705882354
24.808502794117647, 67.08005147058824
24.808602843137255, 67.08009588235295
24.808702892156862, 67.08014029411765
24.80880294117647, 67.08018470588236
24.808902990196078, 67.08022911764706
24.809003039215686, 67.08027352941177
24.809103088235293, 67.08031794117647
24.809203137254904, 67.08036235294118
24.809303186274512, 67.08040676470588
24.80940323529412, 67.08045117647059
24.809503284313728, 67.0804955882353
24.809603333333335, 67.08054
24.809703382352943, 67.0805844117647
24.80980343137255, 67.08062882352941
24.80990348039216, 67.08067323529413
24.810003529411766, 67.08071764705883
24.810103578431374, 67.08076205882354
24.81020362745098, 67.08080647058824
24.81030367647059, 67.08085088235295
24.810403725490197, 67.08089529411765
24.810503774509804, 67.08093970588236
24.810603823529412, 67.08098411764706
24.81070387254902, 67.08102852941177
24.810803921568628, 67.08107294117647
24.810903970588235, 67.08111735294118
24.811004019607843, 67.08116176470588
24.81110406862745, 67.08120617647059
24.81120411764706, 67.08125058823529
24.811304166666666, 67.081295
24.811404215686274, 67.0813394117647
24.81150426470588, 67.08138382352942
24.81160431372549, 67.08142823529413
24.811704362745097, 67.08147264705883
24.811804411764708, 67.08151705882354
24.811904460784316, 67.08156147058824
24.812004509803923, 67.08160588235295
24.81210455882353, 67.08165029411765
24.81220460784314, 67.08169470588236
24.812304656862747, 67.08173911764706
24.812404705882354, 67.08178352941177
24.812504754901962, 67.08182794117647
24.81260480392157, 67.08187235294118
24.812704852941177, 67.08191676470588
24.812804901960785, 67.08196117647059
24.812904950980393, 67.08200558823529
24.813005, 67.08205000000001
24.813105049019608, 67.08209441176471
24.813205098039216, 67.08213882352942
24.813305147058824, 67.08218323529412
24.81340519607843, 67.08222764705883
24.81350524509804, 67.08227205882353
24.813605294117647, 67.08231647058824
24.813705343137254, 67.08236088235294
24.813805392156862, 67.08240529411765
24.81390544117647, 67.08244970588235
24.814005490196077, 67.08249411764706
24.814105539215685, 67.08253852941176
24.814205588235293, 67.08258294117647
24.814305637254904, 67.08262735294117
24.81440568627451, 67.08267176470588
24.81450573529412, 67.08271617647058
24.814605784313727, 67.0827605882353
24.814705833333335, 67.08280500000001
24.814805882352942, 67.08284941176471
24.81490593137255, 67.08289382352942
24.815005980392158, 67.08293823529412
24.815106029411766, 67.08298264705883
24.815206078431373, 67.08302705882353
24.81530612745098, 67.08307147058824
24.81540617647059, 67.08311588235294
24.815506225490196, 67.08316029411765
24.815606274509804, 67.08320470588235
24.81570632352941, 67.08324911764706
24.81580637254902, 67.08329352941176
24.815906421568627, 67.08333794117647
24.816006470588235, 67.08338235294117
24.816106519607843, 67.08342676470588
24.81620656862745, 67.0834711764706
24.816306617647058, 67.0835155882353
24.816406666666666, 67.08356
24.816506715686273, 67.08360441176471
24.81660676470588, 67.08364882352942
24.81670681372549, 67.08369323529412
24.816806862745096, 67.08373764705883
24.816906911764708, 67.08378205882353
24.817006960784315, 67.08382647058824
24.817107009803923, 67.08387088235294
24.81720705882353, 67.08391529411765
24.81730710784314, 67.08395970588235
24.817407156862746, 67.08400411764705
24.817507205882354, 67.08404852941176
24.81760725490196, 67.08409294117646
24.81770730392157, 67.08413735294117
24.817807352941177, 67.08418176470589
24.817907401960785, 67.0842261764706
24.818007450980392, 67.0842705882353
24.8181075, 67.084315
24.818207549019608, 67.08435941176471
24.818307598039215, 67.08440382352941
24.818407647058823, 67.08444823529412
24.81850769607843, 67.08449264705882
24.81860774509804, 67.08453705882353
24.818707794117646, 67.08458147058823
24.818807843137254, 67.08462588235294
24.81890789215686, 67.08467029411764
24.81900794117647, 67.08471470588235
24.819107990196077, 67.08475911764705
24.819208039215685, 67.08480352941176
24.819308088235292, 67.08484794117648
24.819408137254904, 67.08489235294118
24.81950818627451, 67.08493676470589
24.81960823529412, 67.08498117647059
24.819708284313727, 67.0850255882353
24.819808333333334, 67.08507
24.819908382352942, 67.0851144117647
24.82000843137255, 67.08515882352941
24.820108480392157, 67.08520323529412
24.820208529411765, 67.08524764705882
24.820308578431373, 67.08529205882353
24.82040862745098, 67.08533647058823
24.82050867647059, 67.08538088235294
24.820608725490196, 67.08542529411764
24.820708774509804, 67.08546970588235
24.82080882352941, 67.08551411764705
24.82090887254902, 67.08555852941177
24.821008921568627, 67.08560294117648
24.821108970588234, 67.08564735294118
24.821209019607842, 67.08569176470589
24.82130906862745, 67.08573617647059
24.821409117647057, 67.0857805882353
24.821509166666665, 67.085825
24.821609215686273, 67.0858694117647
24.82170926470588, 67.08591382352941
24.82180931372549, 67.08595823529411
24.821909362745096, 67.08600264705882
24.822009411764707, 67.08604705882352
24.822109460784315, 67.08609147058823
24.822209509803923, 67.08613588235293
24.82230955882353, 67.08618029411764
24.822409607843138, 67.08622470588234
24.822509656862746, 67.08626911764706
24.822609705882353, 67.08631352941177
24.82270975490196, 67.08635794117647
24.82280980392157, 67.08640235294118
24.822909852941176, 67.08644676470588
24.823009901960784, 67.08649117647059
24.823109950980392, 67.0865355882353
24.82321, 67.08658
24.82321, 67.08658
24.82331176470588, 67.08655470588235
24.823413529411763, 67.0865294117647
24.823515294117648, 67.08650411764705
24.82361705882353, 67.0864788235294
24.82371882352941, 67.08645352941176
24.823820588235293, 67.08642823529412
24.823922352941175, 67.08640294117647
24.82402411764706, 67.08637764705882
24.82412588235294, 67.08635235294118
24.824227647058823, 67.08632705882353
24.824329411764705, 67.08630176470588
24.824431176470586, 67.08627647058823
24.82453294117647, 67.08625117647058
24.824634705882353, 67.08622588235293
24.824736470588235, 67.08620058823529
24.824838235294116, 67.08617529411764
24.824939999999998, 67.08615
24.825041764705883, 67.08612470588236
24.825143529411765, 67.0860994117647
24.825245294117646, 67.08607411764706
24.825347058823528, 67.08604882352941
24.825448823529413, 67.08602352941176
24.825550588235295, 67.08599823529411
24.825652352941177, 67.08597294117646
24.825754117647058, 67.08594764705882
24.82585588235294, 67.08592235294117
24.825957647058825, 67.08589705882352
24.826059411764707, 67.08587176470587
24.82616117647059, 67.08584647058824
24.82626294117647, 67.08582117647059
24.82636470588235, 67.08579588235294
24.826466470588237, 67.08577058823529
24.82656823529412, 67.08574529411764
24.82667, 67.08572
24.82667, 67.08572
24.82672185185185, 67.08561925925926
24.826773703703704, 67.08551851851851
24.826825555555555, 67.08541777777778
24.82687740740741, 67.08531703703703
24.82692925925926, 67.0852162962963
24.82698111111111, 67.08511555555555
24.827032962962964, 67.08501481481481
24.827084814814814, 67.08491407407406
24.827136666666668, 67.08481333333333
24.82718851851852, 67.0847125925926
24.82724037037037, 67.08461185185185
24.827292222222223, 67.08451111111111
24.827344074074073, 67.08441037037036
24.827395925925927, 67.08430962962963
24.827447777777778, 67.08420888888888
24.82749962962963, 67.08410814814815
24.827551481481482, 67.0840074074074
24.827603333333332, 67.08390666666666
24.827655185185186, 67.08380592592593
24.827707037037037, 67.08370518518518
24.82775888888889, 67.08360444444445
24.82781074074074, 67.0835037037037
24.82786259259259, 67.08340296296296
24.827914444444446, 67.08330222222222
24.827966296296296, 67.08320148148148
24.82801814814815, 67.08310074074073
24.82807, 67.083
24.82812185185185, 67.08289925925926
24.828173703703705, 67.08279851851852
24.828225555555555, 67.08269777777778
24.82827740740741, 67.08259703703703
24.82832925925926, 67.0824962962963
24.82838111111111, 67.08239555555555
24.828432962962964, 67.08229481481482
24.828484814814814, 67.08219407407407
24.82853666666667, 67.08209333333333
24.82858851851852, 67.0819925925926
24.82864037037037, 67.08189185185185
24.828692222222223, 67.08179111111112
24.828744074074073, 67.08169037037037
24.828795925925927, 67.08158962962963
24.828847777777778, 67.08148888888888
24.828899629629632, 67.08138814814815
24.828951481481482, 67.0812874074074
24.829003333333333, 67.08118666666667
24.829055185185187, 67.08108592592593
24.829107037037037, 67.08098518518518
24.82915888888889, 67.08088444444445
24.82921074074074, 67.0807837037037
24.829262592592592, 67.08068296296297
24.829314444444446, 67.08058222222222
24.829366296296296, 67.08048148148148
24.82941814814815, 67.08038074074074
24.82947, 67.08028
24.82947, 67.08028
24.829573636363637, 67.08017454545455
24.829677272727274, 67.08006909090909
24.82978090909091, 67.07996363636364
24.829884545454547, 67.07985818181818
24.829988181818184, 67.07975272727273
24.830091818181817, 67.07964727272727
24.830195454545454, 67.07954181818182
24.83029909090909, 67.07943636363636
24.830402727272727, 67.07933090909091
24.830506363636363, 67.07922545454545
24.83061, 67.07912
24.83061, 67.07912
24.830710333333332, 67.07915825
24.830810666666668, 67.07919650000001
24.830911, 67.07923475
24.831011333333333, 67.079273
24.831111666666665, 67.07931125
24.831212, 67.0793495
24.831312333333333, 67.07938775000001
24.831412666666665, 67.079426
24.831513, 67.07946425
24.831613333333333, 67.0795025
24.831713666666666, 67.07954075
24.831814, 67.079579
24.831914333333334, 67.07961725
24.832014666666666, 67.0796555
24.832115, 67.07969375
24.832215333333334, 67.079732
24.832315666666666, 67.07977025
24.832416, 67.0798085
24.832516333333334, 67.07984675
24.832616666666667, 67.079885
24.832717, 67.07992325000001
24.832817333333335, 67.0799615
24.832917666666667, 67.07999975
24.833018, 67.080038
24.83311833333333, 67.08007625
24.833218666666667, 67.08011450000001
24.833319, 67.08015275
24.83341933333333, 67.080191
24.833519666666668, 67.08022925
24.83362, 67.0802675
24.833720333333332, 67.08030575000001
24.833820666666668, 67.080344
24.833921, 67.08038225
24.834021333333332, 67.0804205
24.834121666666668, 67.08045875
24.834222, 67.08049700000001
24.834322333333333, 67.08053525
24.834422666666665, 67.0805735
24.834523, 67.08061175
24.834623333333333, 67.08065
24.834723666666665, 67.08068825
24.834824, 67.0807265
24.834924333333333, 67.08076475
24.835024666666666, 67.080803
24.835124999999998, 67.08084125
24.835225333333334, 67.0808795
24.835325666666666, 67.08091775
24.835426, 67.080956
24.835526333333334, 67.08099425
24.835626666666666, 67.0810325
24.835727, 67.08107075
24.835827333333334, 67.081109
24.835927666666667, 67.08114725
24.836028, 67.0811855
24.836128333333335, 67.08122375
24.836228666666667, 67.081262
24.836329, 67.08130025
24.83642933333333, 67.0813385
24.836529666666667, 67.08137675
24.83663, 67.08141499999999
24.836730333333332, 67.08145325
24.836830666666668, 67.0814915
24.836931, 67.08152975
24.837031333333332, 67.081568
24.837131666666664, 67.08160625
24.837232, 67.0816445
24.837332333333332, 67.08168275
24.837432666666665, 67.081721
24.837533, 67.08175925
24.837633333333333, 67.0817975
24.837733666666665, 67.08183575
24.837834, 67.081874
24.837934333333333, 67.08191225
24.838034666666665, 67.0819505
24.838135, 67.08198875
24.838235333333333, 67.082027
24.838335666666666, 67.08206525
24.838435999999998, 67.0821035
24.838536333333334, 67.08214175
24.838636666666666, 67.08218
24.838737, 67.08221825
24.838837333333334, 67.0822565
24.838937666666666, 67.08229475
24.839038, 67.082333
24.83913833333333, 67.08237125
24.839238666666667, 67.0824095
24.839339, 67.08244775
24.83943933333333, 67.082486
24.839539666666667, 67.08252424999999
24.83964, 67.0825625
24.83974033333333, 67.08260075
24.839840666666667, 67.082639
24.839941, 67.08267725
24.840041333333332, 67.08271549999999
24.840141666666668, 67.08275375
24.840242, 67.082792
24.840342333333332, 67.08283025
24.840442666666664, 67.0828685
24.840543, 67.08290674999999
24.840643333333333, 67.082945
24.840743666666665, 67.08298325
24.840844, 67.0830215
24.840944333333333, 67.08305975
24.841044666666665, 67.08309799999999
24.841144999999997, 67.08313625
24.841245333333333, 67.0831745
24.841345666666665, 67.08321275
24.841445999999998, 67.08325099999999
24.841546333333334, 67.08328924999999
24.841646666666666, 67.0833275
24.841746999999998, 67.08336575
24.841847333333334, 67.083404
24.841947666666666, 67.08344224999999
24.842048, 67.0834805
24.842148333333334, 67.08351875
24.842248666666666, 67.083557
24.842349, 67.08359525
24.84244933333333, 67.08363349999999
24.842549666666667, 67.08367175
24.84265, 67.08371
24.84265, 67.08371
24.842734999999998, 67.08381020833333
24.84282, 67.08391041666667
24.842905, 67.08401062499999
24.84299, 67.08411083333333
24.843075, 67.08421104166666
24.843159999999997, 67.08431125
24.843245, 67.08441145833334
24.843329999999998, 67.08451166666666
24.843415, 67.084611875
24.8435, 67.08471208333333
24.843585, 67.08481229166667
24.84367, 67.0849125
24.843754999999998, 67.08501270833334
24.84384, 67.08511291666666
24.843925, 67.085213125
24.84401, 67.08531333333333
24.844095, 67.08541354166667
24.84418, 67.08551375
24.844265, 67.08561395833333
24.84435, 67.08571416666666
24.844435, 67.085814375
24.84452, 67.08591458333333
24.844605, 67.08601479166667
24.84469, 67.086115
24.844775, 67.08621520833333
24.84486, 67.08631541666666
24.844945, 67.086415625
24.84503, 67.08651583333334
24.845115, 67.08661604166667
24.8452, 67.08671625
24.845285, 67.08681645833333
24.84537, 67.08691666666667
24.845455, 67.087016875
24.84554, 67.08711708333334
24.845625000000002, 67.08721729166666
24.84571, 67.0873175
24.845795, 67.08741770833333
24.84588, 67.08751791666667
24.845965, 67.087618125
24.84605, 67.08771833333333
24.846135, 67.08781854166666
24.846220000000002, 67.08791875
24.846305, 67.08801895833334
24.84639, 67.08811916666667
24.846475, 67.08821937500001
24.84656, 67.08831958333333
24.846645000000002, 67.08841979166667
24.84673, 67.08852
24.84673, 67.08852
24.846830740740742, 67.08854518518518
24.846931481481484, 67.08857037037038
24.84703222222222, 67.08859555555556
24.847132962962963, 67.08862074074074
24.847233703703704, 67.08864592592593
24.847334444444446, 67.08867111111111
24.847435185185187, 67.08869629629629
24.84753592592593, 67.08872148148149
24.847636666666666, 67.08874666666667
24.847737407407408, 67.08877185185186
24.84783814814815, 67.08879703703704
24.84793888888889, 67.08882222222222
24.848039629629632, 67.08884740740741
24.84814037037037, 67.0888725925926
24.84824111111111, 67.08889777777777
24.848341851851853, 67.08892296296297
24.848442592592594, 67.08894814814815
24.848543333333335, 67.08897333333333
24.848644074074073, 67.08899851851852
24.848744814814815, 67.0890237037037
24.848845555555556, 67.08904888888888
24.848946296296297, 67.08907407407408
24.84904703703704, 67.08909925925926
24.84914777777778, 67.08912444444444
24.849248518518518, 67.08914962962963
24.84934925925926, 67.08917481481481
24.84945, 67.0892
24.849550740740742, 67.08922518518519
24.849651481481484, 67.08925037037037
24.84975222222222, 67.08927555555556
24.849852962962963, 67.08930074074074
24.849953703703704, 67.08932592592592
24.850054444444446, 67.08935111111111
24.850155185185187, 67.0893762962963
24.85025592592593, 67.08940148148147
24.850356666666666, 67.08942666666667
24.850457407407408, 67.08945185185185
24.85055814814815, 67.08947703703703
24.85065888888889, 67.08950222222222
24.850759629629632, 67.0895274074074
24.85086037037037, 67.08955259259258
24.85096111111111, 67.08957777777778
24.851061851851853, 67.08960296296296
24.851162592592594, 67.08962814814814
24.851263333333335, 67.08965333333333
24.851364074074073, 67.08967851851851
24.851464814814815, 67.0897037037037
24.851565555555556, 67.08972888888889
24.851666296296298, 67.08975407407407
24.85176703703704, 67.08977925925926
24.85186777777778, 67.08980444444444
24.851968518518518, 67.08982962962962
24.85206925925926, 67.08985481481481
24.85217, 67.08988
24.85217, 67.08988
24.85227072463768, 67.08987333333333
24.852371449275363, 67.08986666666667
24.852472173913043, 67.08985999999999
24.852572898550726, 67.08985333333332
24.852673623188405, 67.08984666666666
24.852774347826088, 67.08984
24.852875072463767, 67.08983333333333
24.85297579710145, 67.08982666666667
24.85307652173913, 67.08981999999999
24.853177246376813, 67.08981333333332
24.853277971014492, 67.08980666666666
24.853378695652175, 67.0898
24.853479420289855, 67.08979333333333
24.853580144927538, 67.08978666666667
24.853680869565217, 67.08977999999999
24.8537815942029, 67.08977333333333
24.85388231884058, 67.08976666666666
24.853983043478262, 67.08976
24.85408376811594, 67.08975333333333
24.854184492753625, 67.08974666666667
24.854285217391304, 67.08973999999999
24.854385942028987, 67.08973333333333
24.854486666666666, 67.08972666666666
24.85458739130435, 67.08972
24.85468811594203, 67.08971333333334
24.85478884057971, 67.08970666666666
24.85488956521739, 67.0897
24.854990289855074, 67.08969333333333
24.855091014492753, 67.08968666666667
24.855191739130436, 67.08968
24.855292463768116, 67.08967333333334
24.8553931884058, 67.08966666666666
24.855493913043478, 67.08966
24.85559463768116, 67.08965333333333
24.85569536231884, 67.08964666666667
24.855796086956524, 67.08964
24.855896811594203, 67.08963333333334
24.855997536231886, 67.08962666666666
24.856098260869565, 67.08962
24.85619898550725, 67.08961333333333
24.856299710144928, 67.08960666666667
24.85640043478261, 67.0896
24.85650115942029, 67.08959333333334
24.856601884057973, 67.08958666666666
24.856702608695652, 67.08958
24.856803333333335, 67.08957333333333
24.856904057971015, 67.08956666666667
24.857004782608698, 67.08956
24.857105507246377, 67.08955333333333
24.85720623188406, 67.08954666666666
24.85730695652174, 67.08954
24.857407681159422, 67.08953333333334
24.857508405797102, 67.08952666666667
24.857609130434785, 67.08952000000001
24.857709855072464, 67.08951333333333
24.857810579710147, 67.08950666666667
24.857911304347827, 67.0895
24.85801202898551, 67.08949333333334
24.85811275362319, 67.08948666666667
24.858213478260872, 67.08948000000001
24.85831420289855, 67.08947333333333
24.858414927536234, 67.08946666666667
24.858515652173914, 67.08946
24.858616376811597, 67.08945333333334
24.858717101449276, 67.08944666666667
24.85881782608696, 67.08944000000001
24.85891855072464, 67.08943333333333
24.85901927536232, 67.08942666666667
24.85912, 67.08942
24.85912, 67.08942
24.859220612244897, 67.08933897959184
24.859321224489797, 67.08925795918368
24.859421836734693, 67.08917693877551
24.859522448979593, 67.08909591836735
24.85962306122449, 67.08901489795919
24.85972367346939, 67.08893387755103
24.859824285714286, 67.08885285714285
24.859924897959186, 67.0887718367347
24.860025510204082, 67.08869081632653
24.860126122448982, 67.08860979591837
24.860226734693878, 67.08852877551021
24.860327346938778, 67.08844775510204
24.860427959183674, 67.08836673469388
24.86052857142857, 67.08828571428572
24.86062918367347, 67.08820469387756
24.860729795918367, 67.0881236734694
24.860830408163267, 67.08804265306122
24.860931020408163, 67.08796163265306
24.861031632653063, 67.0878806122449
24.86113224489796, 67.08779959183674
24.86123285714286, 67.08771857142858
24.861333469387755, 67.0876375510204
24.861434081632655, 67.08755653061225
24.86153469387755, 67.08747551020409
24.861635306122448, 67.08739448979593
24.861735918367348, 67.08731346938775
24.861836530612244, 67.08723244897959
24.861937142857144, 67.08715142857143
24.86203775510204, 67.08707040816327
24.86213836734694, 67.08698938775511
24.862238979591837, 67.08690836734694
24.862339591836736, 67.08682734693878
24.862440204081633, 67.08674632653062
24.862540816326533, 67.08666530612246
24.86264142857143, 67.08658428571428
24.86274204081633, 67.08650326530612
24.862842653061225, 67.08642224489796
24.86294326530612, 67.0863412244898
24.86304387755102, 67.08626020408164
24.863144489795918, 67.08617918367347
24.863245102040818, 67.0860981632653
24.863345714285714, 67.08601714285714
24.863446326530614, 67.08593612244898
24.86354693877551, 67.08585510204082
24.86364755102041, 67.08577408163265
24.863748163265306, 67.08569306122449
24.863848775510206, 67.08561204081633
24.863949387755103, 67.08553102040817
24.86405, 67.08545000000001
24.8641506122449, 67.08536897959183
24.864251224489795, 67.08528795918367
24.864351836734695, 67.08520693877551
24.86445244897959, 67.08512591836735
24.86455306122449, 67.08504489795918
24.864653673469387, 67.08496387755102
24.864754285714287, 67.08488285714286
24.864854897959184, 67.0848018367347
24.864955510204084, 67.08472081632654
24.86505612244898, 67.08463979591836
24.86515673469388, 67.0845587755102
24.865257346938776, 67.08447775510204
24.865357959183672, 67.08439673469388
24.865458571428572, 67.08431571428571
24.86555918367347, 67.08423469387755
24.86565979591837, 67.08415367346939
24.865760408163265, 67.08407265306123
24.865861020408165, 67.08399163265307
24.86596163265306, 67.08391061224489
24.86606224489796, 67.08382959183673
24.866162857142857, 67.08374857142857
24.866263469387757, 67.08366755102041
24.866364081632653, 67.08358653061225
24.866464693877553, 67.08350551020408
24.86656530612245, 67.08342448979592
24.866665918367346, 67.08334346938776
24.866766530612246, 67.0832624489796
24.866867142857142, 67.08318142857144
24.866967755102042, 67.08310040816326
24.86706836734694, 67.0830193877551
24.86716897959184, 67.08293836734694
24.867269591836735, 67.08285734693878
24.867370204081634, 67.0827763265306
24.86747081632653, 67.08269530612245
24.86757142857143, 67.08261428571429
24.867672040816327, 67.08253326530613
24.867772653061223, 67.08245224489796
24.867873265306123, 67.08237122448979
24.86797387755102, 67.08229020408163
24.86807448979592, 67.08220918367347
24.868175102040816, 67.08212816326531
24.868275714285716, 67.08204714285714
24.868376326530612, 67.08196612244897
24.868476938775512, 67.08188510204081
24.868577551020408, 67.08180408163265
24.868678163265308, 67.0817230612245
24.868778775510204, 67.08164204081632
24.868879387755104, 67.08156102040816
24.86898, 67.08148
24.86898, 67.08148
24.86887888888889, 67.08143888888888
24.86877777777778, 67.08139777777778
24.868676666666666, 67.08135666666666
24.868575555555555, 67.08131555555555
24.868474444444445, 67.08127444444445
24.868373333333334, 67.08123333333333
24.868272222222224, 67.08119222222223
24.868171111111113, 67.08115111111111
24.86807, 67.08111
24.86796888888889, 67.0810688888889
24.86786777777778, 67.08102777777778
24.867766666666668, 67.08098666666666
24.867665555555558, 67.08094555555556
24.867564444444444, 67.08090444444444
24.867463333333333, 67.08086333333334
24.867362222222223, 67.08082222222222
24.867261111111112, 67.08078111111111
24.867160000000002, 67.08074
24.867058888888888, 67.08069888888889
24.866957777777777, 67.08065777777777
24.866856666666667, 67.08061666666667
24.866755555555557, 67.08057555555555
24.866654444444446, 67.08053444444445
24.866553333333336, 67.08049333333334
24.86645222222222, 67.08045222222222
24.86635111111111, 67.08041111111112
24.86625, 67.08037
24.86625, 67.08037
24.866307074829933, 67.08047040816327
24.866364149659866, 67.08057081632653
24.866421224489798, 67.08067122448979
24.866478299319727, 67.08077163265307
24.86653537414966, 67.08087204081633
24.866592448979592, 67.0809724489796
24.866649523809524, 67.08107285714286
24.866706598639457, 67.08117326530612
24.86676367346939, 67.08127367346938
24.86682074829932, 67.08137408163266
24.866877823129254, 67.08147448979592
24.866934897959183, 67.08157489795919
24.866991972789116, 67.08167530612245
24.867049047619048, 67.08177571428571
24.86710612244898, 67.08187612244897
24.867163197278913, 67.08197653061225
24.867220272108845, 67.08207693877551
24.867277346938778, 67.08217734693878
24.867334421768707, 67.08227775510204
24.86739149659864, 67.0823781632653
24.86744857142857, 67.08247857142857
24.867505646258504, 67.08257897959184
24.867562721088436, 67.0826793877551
24.86761979591837, 67.08277979591837
24.8676768707483, 67.08288020408163
24.86773394557823, 67.0829806122449
24.867791020408163, 67.08308102040816
24.867848095238095, 67.08318142857144
24.867905170068028, 67.0832818367347
24.86796224489796, 67.08338224489796
24.868019319727892, 67.08348265306122
24.868076394557825, 67.08358306122449
24.868133469387757, 67.08368346938775
24.868190544217686, 67.08378387755103
24.86824761904762, 67.08388428571429
24.86830469387755, 67.08398469387755
24.868361768707484, 67.08408510204082
24.868418843537416, 67.08418551020408
24.86847591836735, 67.08428591836734
24.86853299319728, 67.08438632653062
24.86859006802721, 67.08448673469388
24.868647142857142, 67.08458714285715
24.868704217687075, 67.08468755102041
24.868761292517007, 67.08478795918367
24.86881836734694, 67.08488836734693
24.868875442176872, 67.08498877551021
24.868932517006805, 67.08508918367347
24.868989591836733, 67.08518959183674
24.869046666666666, 67.08529
24.8691037414966, 67.08539040816326
24.86916081632653, 67.08549081632653
24.869217891156463, 67.08559122448979
24.869274965986396, 67.08569163265307
24.869332040816328, 67.08579204081633
24.86938911564626, 67.08589244897959
24.86944619047619, 67.08599285714286
24.869503265306122, 67.08609326530612
24.869560340136054, 67.08619367346938
24.869617414965987, 67.08629408163266
24.86967448979592, 67.08639448979592
24.86973156462585, 67.08649489795918
24.869788639455784, 67.08659530612245
24.869845714285713, 67.08669571428571
24.869902789115645, 67.08679612244897
24.869959863945578, 67.08689653061225
24.87001693877551, 67.08699693877551
24.870074013605443, 67.08709734693878
24.870131088435375, 67.08719775510204
24.870188163265308, 67.0872981632653
24.870245238095237, 67.08739857142857
24.87030231292517, 67.08749897959184
24.8703593877551, 67.0875993877551
24.870416462585034, 67.08769979591837
24.870473537414966, 67.08780020408163
24.8705306122449, 67.0879006122449
24.87058768707483, 67.08800102040816
24.870644761904764, 67.08810142857143
24.870701836734693, 67.0882018367347
24.870758911564625, 67.08830224489796
24.870815986394557, 67.08840265306122
24.87087306122449, 67.08850306122449
24.870930136054422, 67.08860346938775
24.870987210884355, 67.08870387755103
24.871044285714287, 67.08880428571429
24.871101360544216, 67.08890469387755
24.87115843537415, 67.08900510204082
24.87121551020408, 67.08910551020408
24.871272585034014, 67.08920591836734
24.871329659863946, 67.08930632653062
24.87138673469388, 67.08940673469388
24.87144380952381, 67.08950714285714
24.87150088435374, 67.0896075510204
24.871557959183672, 67.08970795918367
24.871615034013605, 67.08980836734693
24.871672108843537, 67.08990877551021
24.87172918367347, 67.09000918367347
24.871786258503402, 67.09010959183674
24.871843333333334, 67.09021
24.871900408163267, 67.09031040816326
24.871957482993196, 67.09041081632652
24.872014557823128, 67.09051122448979
24.87207163265306, 67.09061163265307
24.872128707482993, 67.09071204081633
24.872185782312926, 67.09081244897959
24.872242857142858, 67.09091285714285
24.87229993197279, 67.09101326530612
24.87235700680272, 67.09111367346938
24.87241408163265, 67.09121408163266
24.872471156462584, 67.09131448979592
24.872528231292517, 67.09141489795918
24.87258530612245, 67.09151530612245
24.87264238095238, 67.09161571428571
24.872699455782314, 67.09171612244897
24.872756530612243, 67.09181653061225
24.872813605442175, 67.09191693877551
24.872870680272108, 67.09201734693877
24.87292775510204, 67.09211775510204
24.872984829931973, 67.0922181632653
24.873041904761905, 67.09231857142856
24.873098979591838, 67.09241897959184
24.87315605442177, 67.0925193877551
24.8732131292517, 67.09261979591837
24.87327020408163, 67.09272020408163
24.873327278911564, 67.09282061224489
24.873384353741496, 67.09292102040816
24.87344142857143, 67.09302142857143
24.87349850340136, 67.0931218367347
24.873555578231294, 67.09322224489796
24.873612653061222, 67.09332265306122
24.873669727891155, 67.09342306122448
24.873726802721087, 67.09352346938775
24.87378387755102, 67.09362387755102
24.873840952380952, 67.09372428571429
24.873898027210885, 67.09382469387755
24.873955102040817, 67.09392510204081
24.874012176870746, 67.09402551020408
24.87406925170068, 67.09412591836734
24.87412632653061, 67.09422632653062
24.874183401360543, 67.09432673469388
24.874240476190476, 67.09442714285714
24.87429755102041, 67.0945275510204
24.87435462585034, 67.09462795918367
24.874411700680273, 67.09472836734693
24.874468775510202, 67.09482877551021
24.874525850340135, 67.09492918367347
24.874582925170067, 67.09502959183673
24.87464, 67.09513
24.87464, 67.09513
24.874744285714286, 67.09515428571429
24.874848571428572, 67.09517857142858
24.87495285714286, 67.09520285714285
24.87505714285714, 67.09522714285714
24.875161428571428, 67.09525142857143
24.875265714285714, 67.09527571428572
24.87537, 67.09530000000001
24.875474285714287, 67.09532428571428
24.875578571428573, 67.09534857142857
24.87568285714286, 67.09537285714286
24.875787142857142, 67.09539714285715
24.87589142857143, 67.09542142857143
24.875995714285715, 67.09544571428572
24.8761, 67.09547
24.8761, 67.09547
24.876200522875816, 67.0953997385621
24.876301045751635, 67.0953294771242
24.87640156862745, 67.09525921568628
24.87650209150327, 67.09518895424837
24.876602614379085, 67.09511869281046
24.876703137254903, 67.09504843137256
24.87680366013072, 67.09497816993465
24.876904183006538, 67.09490790849674
24.877004705882353, 67.09483764705882
24.87710522875817, 67.09476738562093
24.877205751633987, 67.09469712418301
24.877306274509806, 67.0946268627451
24.87740679738562, 67.09455660130719
24.87750732026144, 67.09448633986929
24.877607843137255, 67.09441607843138
24.877708366013074, 67.09434581699347
24.87780888888889, 67.09427555555556
24.87790941176471, 67.09420529411766
24.878009934640524, 67.09413503267974
24.878110457516343, 67.09406477124183
24.878210980392158, 67.09399450980392
24.878311503267973, 67.09392424836602
24.878412026143792, 67.09385398692811
24.878512549019607, 67.0937837254902
24.878613071895426, 67.0937134640523
24.87871359477124, 67.09364320261439
24.87881411764706, 67.09357294117648
24.878914640522876, 67.09350267973856
24.879015163398694, 67.09343241830067
24.87911568627451, 67.09336215686275
24.87921620915033, 67.09329189542484
24.879316732026144, 67.09322163398693
24.879417254901963, 67.09315137254903
24.879517777777778, 67.09308111111112
24.879618300653597, 67.0930108496732
24.879718823529412, 67.0929405882353
24.87981934640523, 67.0928703267974
24.879919869281046, 67.09280006535948
24.880020392156865, 67.09272980392157
24.88012091503268, 67.09265954248366
24.8802214379085, 67.09258928104576
24.880321960784315, 67.09251901960785
24.880422483660134, 67.09244875816994
24.88052300653595, 67.09237849673204
24.880623529411764, 67.09230823529413
24.880724052287583, 67.09223797385621
24.8808245751634, 67.0921677124183
24.880925098039217, 67.0920974509804
24.881025620915032, 67.09202718954249
24.88112614379085, 67.09195692810458
24.881226666666667, 67.09188666666667
24.881327189542485, 67.09181640522877
24.8814277124183, 67.09174614379086
24.88152823529412, 67.09167588235294
24.881628758169935, 67.09160562091503
24.881729281045754, 67.09153535947713
24.88182980392157, 67.09146509803922
24.881930326797388, 67.09139483660131
24.882030849673203, 67.0913245751634
24.882131372549022, 67.0912543137255
24.882231895424837, 67.09118405228759
24.882332418300656, 67.09111379084968
24.88243294117647, 67.09104352941176
24.88253346405229, 67.09097326797387
24.882633986928106, 67.09090300653595
24.88273450980392, 67.09083274509804
24.88283503267974, 67.09076248366014
24.882935555555555, 67.09069222222223
24.883036078431374, 67.09062196078432
24.88313660130719, 67.0905516993464
24.883237124183008, 67.09048143790851
24.883337647058823, 67.0904111764706
24.883438169934642, 67.09034091503268
24.883538692810458, 67.09027065359477
24.883639215686276, 67.09020039215687
24.88373973856209, 67.09013013071896
24.88384026143791, 67.09005986928105
24.883940784313726, 67.08998960784314
24.884041307189545, 67.08991934640524
24.88414183006536, 67.08984908496733
24.88424235294118, 67.08977882352941
24.884342875816994, 67.0897085620915
24.884443398692813, 67.0896383006536
24.88454392156863, 67.08956803921569
24.884644444444447, 67.08949777777778
24.884744967320263, 67.08942751633987
24.88484549019608, 67.08935725490197
24.884946013071897, 67.08928699346406
24.885046535947712, 67.08921673202614
24.88514705882353, 67.08914647058825
24.885247581699346, 67.08907620915033
24.885348104575165, 67.08900594771242
24.88544862745098, 67.08893568627451
24.8855491503268, 67.08886542483661
24.885649673202614, 67.0887951633987
24.885750196078433, 67.08872490196079
24.88585071895425, 67.08865464052288
24.885951241830067, 67.08858437908498
24.886051764705883, 67.08851411764707
24.8861522875817, 67.08844385620915
24.886252810457517, 67.08837359477124
24.886353333333336, 67.08830333333334
24.88645385620915, 67.08823307189543
24.88655437908497, 67.08816281045752
24.886654901960785, 67.0880925490196
24.886755424836604, 67.08802228758171
24.88685594771242, 67.0879520261438
24.88695647058824, 67.08788176470588
24.887056993464054, 67.08781150326797
24.88715751633987, 67.08774124183007
24.887258039215688, 67.08767098039216
24.887358562091503, 67.08760071895425
24.887459084967322, 67.08753045751635
24.887559607843137, 67.08746019607844
24.887660130718956, 67.08738993464053
24.88776065359477, 67.08731967320261
24.88786117647059, 67.08724941176472
24.887961699346405, 67.0871791503268
24.888062222222224, 67.08710888888889
24.88816274509804, 67.08703862745098
24.88826326797386, 67.08696836601308
24.888363790849674, 67.08689810457517
24.888464313725493, 67.08682784313726
24.888564836601308, 67.08675758169935
24.888665359477127, 67.08668732026145
24.888765882352942, 67.08661705882353
24.88886640522876, 67.08654679738562
24.888966928104576, 67.08647653594771
24.889067450980395, 67.08640627450981
24.88916797385621, 67.0863360130719
24.88926849673203, 67.08626575163399
24.889369019607845, 67.08619549019609
24.88946954248366, 67.08612522875818
24.88957006535948, 67.08605496732027
24.889670588235294, 67.08598470588235
24.889771111111113, 67.08591444444446
24.889871633986928, 67.08584418300654
24.889972156862747, 67.08577392156863
24.890072679738562, 67.08570366013072
24.89017320261438, 67.08563339869282
24.890273725490196, 67.08556313725491
24.890374248366015, 67.085492875817
24.89047477124183, 67.08542261437908
24.89057529411765, 67.08535235294119
24.890675816993465, 67.08528209150327
24.890776339869284, 67.08521183006536
24.8908768627451, 67.08514156862745
24.890977385620918, 67.08507130718955
24.891077908496733, 67.08500104575164
24.891178431372552, 67.08493078431373
24.891278954248367, 67.08486052287581
24.891379477124186, 67.08479026143792
24.89148, 67.08472
24.89148, 67.08472
24.891512121212124, 67.08461696969698
24.891544242424242, 67.08451393939394
24.891576363636364, 67.08441090909092
24.891608484848486, 67.08430787878788
24.89164060606061, 67.08420484848486
24.891672727272727, 67.08410181818182
24.89170484848485, 67.0839987878788
24.89173696969697, 67.08389575757576
24.891769090909094, 67.08379272727274
24.891801212121212, 67.0836896969697
24.891833333333334, 67.08358666666668
24.891865454545457, 67.08348363636364
24.891897575757575, 67.08338060606062
24.891929696969697, 67.08327757575758
24.89196181818182, 67.08317454545455
24.89199393939394, 67.08307151515152
24.89202606060606, 67.0829684848485
24.892058181818182, 67.08286545454546
24.892090303030304, 67.08276242424243
24.892122424242427, 67.0826593939394
24.892154545454545, 67.08255636363637
24.892186666666667, 67.08245333333333
24.89221878787879, 67.08235030303031
24.892250909090908, 67.08224727272727
24.89228303030303, 67.08214424242425
24.892315151515152, 67.08204121212121
24.892347272727275, 67.08193818181819
24.892379393939393, 67.08183515151515
24.892411515151515, 67.08173212121213
24.892443636363637, 67.08162909090909
24.89247575757576, 67.08152606060607
24.892507878787878, 67.08142303030303
24.89254, 67.08132
24.89254, 67.08132
24.89264025, 67.08126700000001
24.892740500000002, 67.081214
24.89284075, 67.08116100000001
24.892941, 67.081108
24.89304125, 67.081055
24.8931415, 67.081002
24.89324175, 67.080949
24.893342, 67.08089600000001
24.89344225, 67.080843
24.893542500000002, 67.08079000000001
24.89364275, 67.080737
24.893743, 67.080684
24.89384325, 67.080631
24.8939435, 67.080578
24.89404375, 67.08052500000001
24.894144, 67.080472
24.89424425, 67.080419
24.894344500000003, 67.080366
24.89444475, 67.080313
24.894545, 67.08026000000001
24.89464525, 67.080207
24.8947455, 67.08015400000001
24.89484575, 67.080101
24.894946, 67.080048
24.89504625, 67.079995
24.895146500000003, 67.079942
24.895246750000002, 67.07988900000001
24.895347, 67.079836
24.89544725, 67.079783
24.8955475, 67.07973
24.895647750000002, 67.079677
24.895748, 67.079624
24.89584825, 67.079571
24.895948500000003, 67.07951800000001
24.896048750000002, 67.079465
24.896149, 67.079412
24.89624925, 67.079359
24.8963495, 67.079306
24.896449750000002, 67.079253
24.89655, 67.0792
24.89655, 67.0792
24.89661753968254, 67.07909992063492
24.89668507936508, 67.07899984126985
24.89675261904762, 67.07889976190476
24.89682015873016, 67.07879968253968
24.896887698412698, 67.0786996031746
24.896955238095238, 67.07859952380953
24.897022777777778, 67.07849944444445
24.897090317460318, 67.07839936507936
24.897157857142858, 67.07829928571428
24.897225396825398, 67.07819920634921
24.897292936507938, 67.07809912698413
24.897360476190478, 67.07799904761904
24.897428015873018, 67.07789896825398
24.897495555555558, 67.07779888888889
24.897563095238095, 67.07769880952381
24.897630634920635, 67.07759873015873
24.897698174603175, 67.07749865079366
24.897765714285715, 67.07739857142857
24.897833253968255, 67.07729849206349
24.897900793650795, 67.07719841269841
24.897968333333335, 67.07709833333334
24.898035873015875, 67.07699825396826
24.898103412698415, 67.07689817460317
24.898170952380955, 67.07679809523809
24.89823849206349, 67.07669801587302
24.89830603174603, 67.07659793650794
24.89837357142857, 67.07649785714285
24.89844111111111, 67.07639777777779
24.89850865079365, 67.0762976984127
24.89857619047619, 67.07619761904762
24.89864373015873, 67.07609753968254
24.89871126984127, 67.07599746031747
24.89877880952381, 67.07589738095238
24.898846349206348, 67.0757973015873
24.898913888888888, 67.07569722222222
24.898981428571428, 67.07559714285715
24.899048968253968, 67.07549706349207
24.899116507936508, 67.07539698412698
24.89918404761905, 67.07529690476191
24.89925158730159, 67.07519682539683
24.89931912698413, 67.07509674603175
24.89938666666667, 67.07499666666666
24.89945420634921, 67.0748965873016
24.899521746031745, 67.07479650793651
24.899589285714285, 67.07469642857143
24.899656825396825, 67.07459634920635
24.899724365079365, 67.07449626984128
24.899791904761905, 67.0743961904762
24.899859444444445, 67.07429611111111
24.899926984126985, 67.07419603174603
24.899994523809525, 67.07409595238096
24.900062063492065, 67.07399587301587
24.900129603174605, 67.07389579365079
24.90019714285714, 67.07379571428572
24.90026468253968, 67.07369563492064
24.90033222222222, 67.07359555555556
24.90039976190476, 67.07349547619047
24.9004673015873, 67.0733953968254
24.90053484126984, 67.07329531746032
24.90060238095238, 67.07319523809524
24.900669920634922, 67.07309515873015
24.900737460317462, 67.07299507936509
24.900805, 67.072895
24.90087253968254, 67.07279492063492
24.90094007936508, 67.07269484126985
24.90100761904762, 67.07259476190477
24.90107515873016, 67.07249468253968
24.9011426984127, 67.0723946031746
24.90121023809524, 67.07229452380953
24.90127777777778, 67.07219444444445
24.90134531746032, 67.07209436507937
24.90141285714286, 67.07199428571428
24.901480396825395, 67.07189420634921
24.901547936507935, 67.07179412698413
24.901615476190475, 67.07169404761905
24.901683015873015, 67.07159396825398
24.901750555555555, 67.0714938888889
24.901818095238095, 67.07139380952381
24.901885634920635, 67.07129373015873
24.901953174603175, 67.07119365079366
24.902020714285715, 67.07109357142858
24.902088253968255, 67.0709934920635
24.902155793650792, 67.07089341269841
24.902223333333332, 67.07079333333334
24.902290873015872, 67.07069325396826
24.902358412698412, 67.07059317460318
24.902425952380952, 67.07049309523809
24.902493492063492, 67.07039301587302
24.902561031746032, 67.07029293650794
24.902628571428572, 67.07019285714286
24.902696111111112, 67.07009277777779
24.902763650793652, 67.0699926984127
24.90283119047619, 67.06989261904762
24.90289873015873, 67.06979253968254
24.90296626984127, 67.06969246031747
24.90303380952381, 67.06959238095239
24.90310134920635, 67.0694923015873
24.90316888888889, 67.06939222222222
24.90323642857143, 67.06929214285715
24.90330396825397, 67.06919206349207
24.90337150793651, 67.06909198412698
24.903439047619045, 67.06899190476192
24.903506587301585, 67.06889182539683
24.903574126984125, 67.06879174603175
24.903641666666665, 67.06869166666667
24.903709206349205, 67.0685915873016
24.903776746031745, 67.06849150793651
24.903844285714285, 67.06839142857143
24.903911825396825, 67.06829134920635
24.903979365079365, 67.06819126984128
24.904046904761906, 67.0680911904762
24.904114444444442, 67.06799111111111
24.904181984126982, 67.06789103174603
24.904249523809522, 67.06779095238096
24.904317063492062, 67.06769087301588
24.904384603174602, 67.0675907936508
24.904452142857142, 67.06749071428573
24.904519682539682, 67.06739063492064
24.904587222222222, 67.06729055555556
24.904654761904762, 67.06719047619048
24.904722301587302, 67.0670903968254
24.90478984126984, 67.06699031746032
24.90485738095238, 67.06689023809524
24.90492492063492, 67.06679015873016
24.90499246031746, 67.06669007936509
24.90506, 67.06659
24.90506, 67.06659
24.905103684210527, 67.06648894736843
24.90514736842105, 67.06638789473685
24.90519105263158, 67.06628684210527
24.905234736842104, 67.06618578947369
24.905278421052632, 67.06608473684211
24.905322105263156, 67.06598368421054
24.905365789473684, 67.06588263157896
24.90540947368421, 67.06578157894738
24.905453157894737, 67.0656805263158
24.90549684210526, 67.06557947368421
24.90554052631579, 67.06547842105263
24.905584210526314, 67.06537736842105
24.905627894736842, 67.06527631578948
24.905671578947366, 67.0651752631579
24.905715263157894, 67.06507421052632
24.90575894736842, 67.06497315789474
24.905802631578947, 67.06487210526316
24.90584631578947, 67.06477105263158
24.90589, 67.06467
24.90589, 67.06467
24.90578857142857, 67.06461828571429
24.905687142857143, 67.06456657142857
24.905585714285714, 67.06451485714287
24.905484285714284, 67.06446314285715
24.905382857142857, 67.06441142857143
24.905281428571428, 67.06435971428571
24.905179999999998, 67.06430800000001
24.90507857142857, 67.0642562857143
24.904977142857142, 67.06420457142858
24.904875714285712, 67.06415285714286
24.904774285714286, 67.06410114285715
24.904672857142856, 67.06404942857144
24.904571428571426, 67.06399771428572
24.90447, 67.063946
24.90436857142857, 67.06389428571428
24.90426714285714, 67.06384257142858
24.904165714285714, 67.06379085714286
24.904064285714284, 67.06373914285714
24.903962857142858, 67.06368742857143
24.903861428571428, 67.06363571428572
24.90376, 67.063584
24.903658571428572, 67.06353228571429
24.903557142857142, 67.06348057142857
24.903455714285712, 67.06342885714285
24.903354285714286, 67.06337714285715
24.903252857142856, 67.06332542857143
24.903151428571427, 67.06327371428571
24.90305, 67.063222
24.90294857142857, 67.06317028571429
24.90284714285714, 67.06311857142857
24.902745714285714, 67.06306685714286
24.902644285714285, 67.06301514285714
24.902542857142855, 67.06296342857144
24.90244142857143, 67.06291171428572
24.90234, 67.06286
24.90234, 67.06286
24.902358, 67.062755
24.902376, 67.06265
24.902393999999997, 67.062545
24.902411999999998, 67.06244
24.90243, 67.06233499999999
24.902448, 67.06223
24.902466, 67.062125
24.902483999999998, 67.06201999999999
24.902502, 67.061915
24.90252, 67.06181
24.90252, 67.06181
24.90262142857143, 67.06185047619047
24.902722857142855, 67.06189095238095
24.902824285714285, 67.06193142857143
24.902925714285715, 67.0619719047619
24.90302714285714, 67.06201238095238
24.90312857142857, 67.06205285714285
24.90323, 67.06209333333332
24.903331428571427, 67.0621338095238
24.903432857142857, 67.06217428571428
24.903534285714287, 67.06221476190476
24.903635714285713, 67.06225523809523
24.903737142857143, 67.06229571428571
24.903838571428572, 67.06233619047619
24.90394, 67.06237666666667
24.90404142857143, 67.06241714285714
24.90414285714286, 67.0624576190476
24.904244285714285, 67.06249809523808
24.904345714285714, 67.06253857142856
24.904447142857144, 67.06257904761904
24.90454857142857, 67.06261952380952
24.90465, 67.06266
24.90475142857143, 67.06270047619047
24.904852857142856, 67.06274095238095
24.904954285714286, 67.06278142857143
24.905055714285716, 67.0628219047619
24.905157142857142, 67.06286238095238
24.905258571428572, 67.06290285714284
24.90536, 67.06294333333332
24.905461428571428, 67.0629838095238
24.905562857142858, 67.06302428571428
24.905664285714288, 67.06306476190476
24.905765714285714, 67.06310523809523
24.905867142857144, 67.06314571428571
24.905968571428573, 67.06318619047619
24.90607, 67.06322666666667
24.90617142857143, 67.06326714285714
24.90627285714286, 67.0633076190476
24.906374285714286, 67.06334809523808
24.906475714285715, 67.06338857142856
24.906577142857145, 67.06342904761904
24.90667857142857, 67.06346952380952
24.90678, 67.06351
24.90678, 67.06351
24.906881212121213, 67.06358757575757
24.906982424242425, 67.06366515151514
24.907083636363637, 67.06374272727273
24.90718484848485, 67.0638203030303
24.90728606060606, 67.06389787878787
24.907387272727274, 67.06397545454544
24.907488484848486, 67.06405303030303
24.907589696969698, 67.0641306060606
24.90769090909091, 67.06420818181817
24.907792121212122, 67.06428575757575
24.907893333333334, 67.06436333333333
24.907994545454546, 67.0644409090909
24.908095757575758, 67.06451848484848
24.90819696969697, 67.06459606060605
24.908298181818182, 67.06467363636364
24.908399393939394, 67.06475121212121
24.908500606060606, 67.06482878787878
24.90860181818182, 67.06490636363635
24.90870303030303, 67.06498393939394
24.908804242424242, 67.06506151515151
24.908905454545454, 67.06513909090908
24.909006666666667, 67.06521666666666
24.90910787878788, 67.06529424242424
24.90920909090909, 67.06537181818182
24.909310303030303, 67.06544939393939
24.909411515151515, 67.06552696969696
24.909512727272727, 67.06560454545455
24.90961393939394, 67.06568212121212
24.90971515151515, 67.06575969696969
24.909816363636363, 67.06583727272726
24.909917575757575, 67.06591484848485
24.910018787878787, 67.06599242424242
24.91012, 67.06607
24.91012, 67.06607
24.91015974358974, 67.06617008547008
24.910199487179487, 67.06627017094017
24.91023923076923, 67.06637025641025
24.910278974358974, 67.06647034188033
24.910318717948716, 67.06657042735043
24.91035846153846, 67.06667051282051
24.910398205128203, 67.06677059829059
24.91043794871795, 67.06687068376068
24.91047769230769, 67.06697076923076
24.910517435897436, 67.06707085470086
24.910557179487178, 67.06717094017094
24.910596923076923, 67.06727102564102
24.910636666666665, 67.06737111111111
24.91067641025641, 67.0674711965812
24.910716153846153, 67.06757128205128
24.910755897435898, 67.06767136752137
24.91079564102564, 67.06777145299145
24.910835384615385, 67.06787153846153
24.910875128205127, 67.06797162393163
24.910914871794873, 67.0680717094017
24.910954615384615, 67.06817179487179
24.91099435897436, 67.06827188034188
24.911034102564102, 67.06837196581196
24.911073846153844, 67.06847205128204
24.91111358974359, 67.06857213675214
24.91115333333333, 67.06867222222222
24.911193076923077, 67.0687723076923
24.91123282051282, 67.0688723931624
24.911272564102564, 67.06897247863247
24.911312307692306, 67.06907256410257
24.91135205128205, 67.06917264957265
24.911391794871793, 67.06927273504273
24.91143153846154, 67.06937282051283
24.91147128205128, 67.0694729059829
24.911511025641026, 67.06957299145299
24.911550769230768, 67.06967307692308
24.911590512820514, 67.06977316239316
24.911630256410255, 67.06987324786324
24.91167, 67.06997333333334
24.911709743589743, 67.07007341880342
24.91174948717949, 67.0701735042735
24.91178923076923, 67.07027358974359
24.911828974358976, 67.07037367521367
24.911868717948717, 67.07047376068375
24.911908461538463, 67.07057384615385
24.911948205128205, 67.07067393162393
24.911987948717947, 67.07077401709401
24.912027692307692, 67.0708741025641
24.912067435897434, 67.07097418803419
24.91210717948718, 67.07107427350428
24.91214692307692, 67.07117435897436
24.912186666666667, 67.07127444444444
24.91222641025641, 67.07137452991454
24.912266153846154, 67.07147461538462
24.912305897435896, 67.0715747008547
24.91234564102564, 67.07167478632479
24.912385384615384, 67.07177487179487
24.91242512820513, 67.07187495726495
24.91246487179487, 67.07197504273505
24.912504615384616, 67.07207512820513
24.91254435897436, 67.07217521367521
24.912584102564104, 67.0722752991453
24.912623846153846, 67.07237538461538
24.91266358974359, 67.07247547008546
24.912703333333333, 67.07257555555556
24.91274307692308, 67.07267564102564
24.91278282051282, 67.07277572649572
24.912822564102566, 67.07287581196582
24.912862307692308, 67.0729758974359
24.912902051282053, 67.07307598290599
24.912941794871795, 67.07317606837607
24.912981538461537, 67.07327615384615
24.913021282051282, 67.07337623931625
24.913061025641024, 67.07347632478633
24.91310076923077, 67.07357641025641
24.91314051282051, 67.0736764957265
24.913180256410257, 67.07377658119658
24.91322, 67.07387666666666
24.913259743589744, 67.07397675213676
24.913299487179486, 67.07407683760684
24.913339230769232, 67.07417692307692
24.913378974358974, 67.07427700854701
24.91341871794872, 67.0743770940171
24.91345846153846, 67.07447717948718
24.913498205128207, 67.07457726495727
24.91353794871795, 67.07467735042735
24.913577692307694, 67.07477743589743
24.913617435897436, 67.07487752136753
24.91365717948718, 67.0749776068376
24.913696923076923, 67.0750776923077
24.91373666666667, 67.07517777777778
24.91377641025641, 67.07527786324786
24.913816153846156, 67.07537794871796
24.913855897435898, 67.07547803418804
24.91389564102564, 67.07557811965812
24.913935384615385, 67.07567820512821
24.913975128205127, 67.0757782905983
24.914014871794873, 67.07587837606837
24.914054615384615, 67.07597846153847
24.91409435897436, 67.07607854700855
24.914134102564102, 67.07617863247863
24.914173846153847, 67.07627871794872
24.91421358974359, 67.0763788034188
24.914253333333335, 67.07647888888889
24.914293076923077, 67.07657897435898
24.914332820512822, 67.07667905982906
24.914372564102564, 67.07677914529914
24.91441230769231, 67.07687923076924
24.91445205128205, 67.07697931623932
24.914491794871797, 67.07707940170941
24.91453153846154, 67.07717948717949
24.914571282051284, 67.07727957264957
24.914611025641026, 67.07737965811967
24.91465076923077, 67.07747974358975
24.914690512820513, 67.07757982905983
24.91473025641026, 67.07767991452992
24.91477, 67.07778
24.91477, 67.07778
24.914870294117648, 67.07780421568629
24.914970588235295, 67.07782843137255
24.915070882352943, 67.07785264705883
24.91517117647059, 67.0778768627451
24.915271470588237, 67.07790107843138
24.915371764705885, 67.07792529411765
24.91547205882353, 67.07794950980393
24.915572352941176, 67.0779737254902
24.915672647058823, 67.07799794117648
24.91577294117647, 67.07802215686274
24.915873235294118, 67.07804637254903
24.915973529411765, 67.07807058823529
24.916073823529413, 67.07809480392157
24.91617411764706, 67.07811901960785
24.916274411764707, 67.07814323529412
24.916374705882355, 67.0781674509804
24.916475000000002, 67.07819166666667
24.91657529411765, 67.07821588235295
24.916675588235297, 67.07824009803922
24.91677588235294, 67.0782643137255
24.916876176470588, 67.07828852941176
24.916976470588235, 67.07831274509805
24.917076764705882, 67.07833696078431
24.91717705882353, 67.0783611764706
24.917277352941177, 67.07838539215686
24.917377647058824, 67.07840960784314
24.91747794117647, 67.07843382352942
24.91757823529412, 67.07845803921569
24.917678529411766, 67.07848225490197
24.917778823529414, 67.07850647058824
24.91787911764706, 67.07853068627452
24.917979411764705, 67.07855490196079
24.918079705882352, 67.07857911764707
24.91818, 67.07860333333333
24.918280294117647, 67.07862754901961
24.918380588235294, 67.07865176470588
24.91848088235294, 67.07867598039216
24.91858117647059, 67.07870019607843
24.918681470588236, 67.07872441176471
24.918781764705884, 67.07874862745099
24.91888205882353, 67.07877284313726
24.91898235294118, 67.07879705882354
24.919082647058826, 67.0788212745098
24.919182941176473, 67.07884549019609
24.919283235294117, 67.07886970588235
24.919383529411764, 67.07889392156864
24.91948382352941, 67.0789181372549
24.91958411764706, 67.07894235294118
24.919684411764706, 67.07896656862745
24.919784705882353, 67.07899078431373
24.919885, 67.079015
24.919985294117648, 67.07903921568628
24.920085588235295, 67.07906343137256
24.920185882352943, 67.07908764705883
24.92028617647059, 67.07911186274511
24.920386470588237, 67.07913607843138
24.920486764705885, 67.07916029411766
24.92058705882353, 67.07918450980392
24.920687352941176, 67.0792087254902
24.920787647058823, 67.07923294117647
24.92088794117647, 67.07925715686275
24.920988235294118, 67.07928137254902
24.921088529411765, 67.0793055882353
24.921188823529413, 67.07932980392158
24.92128911764706, 67.07935401960785
24.921389411764707, 67.07937823529413
24.921489705882355, 67.0794024509804
24.921590000000002, 67.07942666666668
24.92169029411765, 67.07945088235294
24.921790588235297, 67.07947509803923
24.92189088235294, 67.07949931372549
24.921991176470588, 67.07952352941177
24.922091470588235, 67.07954774509804
24.922191764705882, 67.07957196078432
24.92229205882353, 67.07959617647059
24.922392352941177, 67.07962039215687
24.922492647058824, 67.07964460784315
24.92259294117647, 67.07966882352942
24.92269323529412, 67.0796930392157
24.922793529411766, 67.07971725490196
24.922893823529414, 67.07974147058825
24.92299411764706, 67.07976568627451
24.923094411764705, 67.0797899019608
24.923194705882352, 67.07981411764706
24.923295, 67.07983833333334
24.923395294117647, 67.07986254901961
24.923495588235294, 67.07988676470589
24.92359588235294, 67.07991098039216
24.92369617647059, 67.07993519607844
24.923796470588236, 67.07995941176472
24.923896764705884, 67.07998362745099
24.92399705882353, 67.08000784313727
24.92409735294118, 67.08003205882353
24.924197647058826, 67.08005627450981
24.924297941176473, 67.08008049019608
24.924398235294117, 67.08010470588236
24.924498529411764, 67.08012892156863
24.92459882352941, 67.08015313725491
24.92469911764706, 67.08017735294118
24.924799411764706, 67.08020156862746
24.924899705882353, 67.08022578431373
24.925, 67.08025
24.925, 67.08025
24.92506988505747, 67.08035057471265
24.925139770114942, 67.0804511494253
24.925209655172413, 67.08055172413793
24.925279540229887, 67.08065229885058
24.925349425287358, 67.08075287356323
24.92541931034483, 67.08085344827587
24.9254891954023, 67.08095402298851
24.92555908045977, 67.08105459770115
24.92562896551724, 67.0811551724138
24.92569885057471, 67.08125574712645
24.925768735632186, 67.08135632183908
24.925838620689657, 67.08145689655173
24.925908505747127, 67.08155747126438
24.925978390804598, 67.08165804597702
24.92604827586207, 67.08175862068966
24.92611816091954, 67.0818591954023
24.926188045977014, 67.08195977011495
24.926257931034485, 67.0820603448276
24.926327816091955, 67.08216091954023
24.926397701149426, 67.08226149425288
24.926467586206897, 67.08236206896552
24.926537471264368, 67.08246264367817
24.92660735632184, 67.0825632183908
24.926677241379313, 67.08266379310345
24.926747126436783, 67.0827643678161
24.926817011494254, 67.08286494252874
24.926886896551725, 67.08296551724138
24.926956781609196, 67.08306609195402
24.927026666666666, 67.08316666666667
24.927096551724137, 67.08326724137932
24.92716643678161, 67.08336781609196
24.927236321839082, 67.0834683908046
24.927306206896553, 67.08356896551724
24.927376091954024, 67.08366954022989
24.927445977011494, 67.08377011494254
24.927515862068965, 67.08387068965517
24.92758574712644, 67.08397126436782
24.92765563218391, 67.08407183908047
24.92772551724138, 67.08417241379311
24.92779540229885, 67.08427298850575
24.927865287356322, 67.08437356321839
24.927935172413793, 67.08447413793104
24.928005057471264, 67.08457471264369
24.92807494252874, 67.08467528735632
24.92814482758621, 67.08477586206897
24.92821471264368, 67.08487643678161
24.92828459770115, 67.08497701149426
24.92835448275862, 67.08507758620689
24.928424367816092, 67.08517816091954
24.928494252873563, 67.08527873563219
24.928564137931037, 67.08537931034483
24.928634022988508, 67.08547988505747
24.92870390804598, 67.08558045977011
24.92877379310345, 67.08568103448276
24.92884367816092, 67.08578160919541
24.92891356321839, 67.08588218390804
24.928983448275865, 67.08598275862069
24.929053333333336, 67.08608333333333
24.929123218390806, 67.08618390804598
24.929193103448277, 67.08628448275863
24.929262988505748, 67.08638505747126
24.92933287356322, 67.08648563218391
24.92940275862069, 67.08658620689656
24.929472643678164, 67.0866867816092
24.929542528735634, 67.08678735632184
24.929612413793105, 67.08688793103448
24.929682298850576, 67.08698850574713
24.929752183908047, 67.08708908045978
24.929822068965517, 67.08718965517241
24.929891954022988, 67.08729022988506
24.929961839080462, 67.0873908045977
24.930031724137933, 67.08749137931035
24.930101609195404, 67.08759195402298
24.930171494252875, 67.08769252873563
24.930241379310345, 67.08779310344828
24.930311264367816, 67.08789367816092
24.93038114942529, 67.08799425287356
24.93045103448276, 67.0880948275862
24.930520919540232, 67.08819540229885
24.930590804597703, 67.0882959770115
24.930660689655173, 67.08839655172413
24.930730574712644, 67.08849712643678
24.930800459770115, 67.08859770114942
24.93087034482759, 67.08869827586207
24.93094022988506, 67.0887988505747
24.93101011494253, 67.08889942528735
24.93108, 67.089
24.93108, 67.089
24.931180987654322, 67.08900543209876
24.931281975308643, 67.08901086419753
24.931382962962964, 67.0890162962963
24.931483950617285, 67.08902172839505
24.931584938271605, 67.08902716049383
24.931685925925926, 67.08903259259259
24.931786913580247, 67.08903802469136
24.931887901234568, 67.08904345679012
24.931988888888892, 67.08904888888888
24.932089876543213, 67.08905432098766
24.932190864197533, 67.08905975308642
24.932291851851854, 67.08906518518518
24.932392839506175, 67.08907061728395
24.932493827160496, 67.08907604938271
24.932594814814816, 67.08908148148149
24.932695802469137, 67.08908691358025
24.932796790123458, 67.089092345679
24.93289777777778, 67.08909777777778
24.9329987654321, 67.08910320987654
24.93309975308642, 67.0891086419753
24.93320074074074, 67.08911407407408
24.93330172839506, 67.08911950617284
24.933402716049383, 67.08912493827161
24.933503703703703, 67.08913037037037
24.933604691358028, 67.08913580246913
24.93370567901235, 67.0891412345679
24.93380666666667, 67.08914666666666
24.93390765432099, 67.08915209876542
24.93400864197531, 67.0891575308642
24.93410962962963, 67.08916296296296
24.934210617283952, 67.08916839506172
24.934311604938273, 67.0891738271605
24.934412592592594, 67.08917925925925
24.934513580246914, 67.08918469135803
24.934614567901235, 67.08919012345679
24.934715555555556, 67.08919555555555
24.934816543209877, 67.08920098765432
24.934917530864197, 67.08920641975308
24.93501851851852, 67.08921185185184
24.93511950617284, 67.08921728395062
24.935220493827163, 67.08922271604938
24.935321481481484, 67.08922814814815
24.935422469135805, 67.08923358024691
24.935523456790126, 67.08923901234567
24.935624444444446, 67.08924444444445
24.935725432098767, 67.0892498765432
24.935826419753088, 67.08925530864197
24.93592740740741, 67.08926074074074
24.93602839506173, 67.0892661728395
24.93612938271605, 67.08927160493828
24.93623037037037, 67.08927703703704
24.93633135802469, 67.0892824691358
24.936432345679012, 67.08928790123457
24.936533333333333, 67.08929333333333
24.936634320987654, 67.08929876543209
24.936735308641975, 67.08930419753086
24.9368362962963, 67.08930962962962
24.93693728395062, 67.08931506172839
24.93703827160494, 67.08932049382716
24.93713925925926, 67.08932592592592
24.937240246913582, 67.0893313580247
24.937341234567903, 67.08933679012345
24.937442222222224, 67.08934222222221
24.937543209876544, 67.08934765432099
24.937644197530865, 67.08935308641975
24.937745185185186, 67.08935851851851
24.937846172839507, 67.08936395061728
24.937947160493827, 67.08936938271604
24.938048148148148, 67.08937481481482
24.93814913580247, 67.08938024691358
24.93825012345679, 67.08938567901234
24.93835111111111, 67.08939111111111
24.938452098765435, 67.08939654320987
24.938553086419756, 67.08940197530863
24.938654074074076, 67.0894074074074
24.938755061728397, 67.08941283950617
24.938856049382718, 67.08941827160494
24.93895703703704, 67.0894237037037
24.93905802469136, 67.08942913580246
24.93915901234568, 67.08943456790124
24.93926, 67.08944
24.93926, 67.08944
24.939361454545455, 67.08938618181818
24.93946290909091, 67.08933236363636
24.939564363636364, 67.08927854545455
24.93966581818182, 67.08922472727272
24.939767272727273, 67.08917090909091
24.939868727272728, 67.08911709090908
24.939970181818182, 67.08906327272727
24.940071636363637, 67.08900945454545
24.94017309090909, 67.08895563636364
24.940274545454546, 67.08890181818181
24.940376, 67.088848
24.940477454545455, 67.08879418181817
24.94057890909091, 67.08874036363636
24.940680363636364, 67.08868654545454
24.94078181818182, 67.08863272727272
24.940883272727273, 67.0885789090909
24.940984727272728, 67.08852509090909
24.941086181818182, 67.08847127272726
24.941187636363637, 67.08841745454545
24.94128909090909, 67.08836363636364
24.941390545454546, 67.08830981818181
24.941492, 67.088256
24.941593454545455, 67.08820218181818
24.94169490909091, 67.08814836363636
24.941796363636364, 67.08809454545454
24.94189781818182, 67.08804072727273
24.941999272727273, 67.0879869090909
24.942100727272727, 67.08793309090909
24.942202181818182, 67.08787927272726
24.942303636363636, 67.08782545454545
24.94240509090909, 67.08777163636363
24.942506545454545, 67.08771781818182
24.942608, 67.08766399999999
24.942709454545454, 67.08761018181818
24.94281090909091, 67.08755636363635
24.942912363636363, 67.08750254545454
24.943013818181818, 67.08744872727273
24.943115272727272, 67.0873949090909
24.943216727272727, 67.08734109090909
24.94331818181818, 67.08728727272727
24.943419636363636, 67.08723345454545
24.94352109090909, 67.08717963636363
24.943622545454545, 67.08712581818182
24.943724, 67.08707199999999
24.943825454545454, 67.08701818181818
24.94392690909091, 67.08696436363635
24.944028363636363, 67.08691054545454
24.944129818181818, 67.08685672727272
24.944231272727272, 67.0868029090909
24.944332727272727, 67.08674909090908
24.94443418181818, 67.08669527272727
24.944535636363636, 67.08664145454544
24.94463709090909, 67.08658763636363
24.944738545454545, 67.0865338181818
24.94484, 67.08648
24.94484, 67.08648
24.944762875, 67.08637937499999
24.944685749999998, 67.08627874999999
24.944608625, 67.08617812499999
24.9445315, 67.08607749999999
24.944454375, 67.085976875
24.94437725, 67.08587625
24.944300124999998, 67.085775625
24.944223, 67.085675
24.944145875, 67.085574375
24.94406875, 67.08547374999999
24.943991625, 67.08537312499999
24.943914499999998, 67.0852725
24.943837374999998, 67.085171875
24.94376025, 67.08507125
24.943683125, 67.084970625
24.943606, 67.08487
24.943528875, 67.084769375
24.943451749999998, 67.08466874999999
24.943374625, 67.08456812499999
24.9432975, 67.08446749999999
24.943220375, 67.084366875
24.94314325, 67.08426625
24.943066124999998, 67.084165625
24.942988999999997, 67.084065
24.942911875, 67.083964375
24.94283475, 67.08386374999999
24.942757625, 67.08376312499999
24.942680499999998, 67.0836625
24.942603374999997, 67.083561875
24.94252625, 67.08346125
24.942449125, 67.083360625
24.942372, 67.08326
24.942294874999998, 67.083159375
24.942217749999998, 67.08305874999999
24.942140625, 67.08295812499999
24.9420635, 67.08285749999999
24.941986375, 67.082756875
24.94190925, 67.08265625
24.941832124999998, 67.082555625
24.941755, 67.082455
24.941677875, 67.082354375
24.94160075, 67.08225374999999
24.941523625, 67.08215312499999
24.941446499999998, 67.0820525
24.941369374999997, 67.081951875
24.94129225, 67.08185125
24.941215125, 67.081750625
24.941138, 67.08165
24.941060874999998, 67.081549375
24.940983749999997, 67.08144874999999
24.940906625, 67.08134812499999
24.9408295, 67.08124749999999
24.940752375, 67.081146875
24.940675249999998, 67.08104625
24.940598124999998, 67.080945625
24.940520999999997, 67.080845
24.940443875, 67.080744375
24.94036675, 67.08064375
24.940289625, 67.08054312499999
24.940212499999998, 67.0804425
24.940135374999997, 67.080341875
24.94005825, 67.08024125
24.939981125, 67.080140625
24.939904, 67.08004
24.939826874999998, 67.079939375
24.939749749999997, 67.07983875
24.939672625, 67.07973812499999
24.9395955, 67.07963749999999
24.939518375, 67.079536875
24.939441249999998, 67.07943625
24.939364124999997, 67.079335625
24.939287, 67.079235
24.939209875, 67.079134375
24.93913275, 67.07903375
24.939055624999998, 67.07893312499999
24.938978499999997, 67.0788325
24.938901374999997, 67.078731875
24.93882425, 67.07863125
24.938747125, 67.078530625
24.93867, 67.07843
24.93867, 67.07843
24.93859, 67.0785
24.93859, 67.0785
24.938511363636366, 67.0783990909091
24.93843272727273, 67.07829818181818
24.93835409090909, 67.07819727272728
24.938275454545455, 67.07809636363636
24.93819681818182, 67.07799545454546
24.938118181818183, 67.07789454545455
24.938039545454547, 67.07779363636364
24.93796090909091, 67.07769272727273
24.937882272727272, 67.07759181818182
24.937803636363636, 67.07749090909091
24.937725, 67.07739000000001
24.937646363636365, 67.07728909090909
24.93756772727273, 67.07718818181819
24.93748909090909, 67.07708727272727
24.937410454545454, 67.07698636363637
24.937331818181818, 67.07688545454545
24.937253181818182, 67.07678454545454
24.937174545454546, 67.07668363636364
24.93709590909091, 67.07658272727272
24.93701727272727, 67.07648181818182
24.936938636363635, 67.0763809090909
24.93686, 67.07628
24.93686, 67.07628
24.936956226415095, 67.07617924528302
24.937052452830187, 67.07607849056603
24.937148679245283, 67.07597773584905
24.93724490566038, 67.07587698113207
24.93734113207547, 67.07577622641509
24.937437358490566, 67.0756754716981
24.93753358490566, 67.07557471698112
24.937629811320754, 67.07547396226414
24.93772603773585, 67.07537320754717
24.93782226415094, 67.07527245283019
24.937918490566037, 67.07517169811321
24.938014716981133, 67.07507094339623
24.938110943396225, 67.07497018867925
24.93820716981132, 67.07486943396226
24.938303396226416, 67.07476867924528
24.93839962264151, 67.0746679245283
24.938495849056604, 67.07456716981132
24.9385920754717, 67.07446641509434
24.938688301886792, 67.07436566037735
24.938784528301888, 67.07426490566037
24.93888075471698, 67.07416415094339
24.938976981132075, 67.0740633962264
24.93907320754717, 67.07396264150942
24.939169433962263, 67.07386188679244
24.93926566037736, 67.07376113207546
24.939361886792454, 67.07366037735848
24.939458113207547, 67.07355962264151
24.939554339622642, 67.07345886792453
24.939650566037738, 67.07335811320755
24.93974679245283, 67.07325735849057
24.939843018867926, 67.07315660377358
24.93993924528302, 67.0730558490566
24.940035471698113, 67.07295509433962
24.94013169811321, 67.07285433962264
24.9402279245283, 67.07275358490566
24.940324150943397, 67.07265283018867
24.940420377358492, 67.07255207547169
24.940516603773585, 67.07245132075471
24.94061283018868, 67.07235056603773
24.940709056603776, 67.07224981132075
24.940805283018868, 67.07214905660376
24.940901509433964, 67.07204830188678
24.94099773584906, 67.0719475471698
24.94109396226415, 67.07184679245282
24.941190188679247, 67.07174603773585
24.941286415094343, 67.07164528301887
24.941382641509435, 67.07154452830189
24.94147886792453, 67.0714437735849
24.941575094339623, 67.07134301886792
24.94167132075472, 67.07124226415094
24.941767547169814, 67.07114150943396
24.941863773584906, 67.07104075471698
24.94196, 67.07094
24.94196, 67.07094
24.942052222222223, 67.07104555555554
24.942144444444445, 67.0711511111111
24.942236666666666, 67.07125666666666
24.942328888888888, 67.07136222222222
24.942421111111113, 67.07146777777777
24.942513333333334, 67.07157333333333
24.942605555555556, 67.07167888888888
24.942697777777777, 67.07178444444445
24.94279, 67.07189
24.94279, 67.07189
24.942906666666666, 67.07178
24.943023333333333, 67.07167
24.94314, 67.07156
24.94314, 67.07156
24.94322375, 67.07167125000001
24.9433075, 67.07178250000001
24.943391249999998, 67.07189375
24.943475, 67.072005
24.94355875, 67.07211625000001
24.9436425, 67.0722275
24.943726249999997, 67.07233875
24.94381, 67.07245
